OGLE-BLG-RRLYR-00951  16.828 18.927  0.39762222 0.00000036  7000.28091  0.118  0.186 4.675  0.048 2.648  0.54459868 0.00000067  7000.04141  0.120  0.067 3.722  0.013 3.395
OGLE-BLG-RRLYR-02530  16.493 17.970  0.34064727 0.00000057  7000.09083  0.137  0.059 4.398  0.037 2.432  0.46355629 0.00000074  7000.14238  0.196  0.080 4.626  0.016   -  
OGLE-BLG-RRLYR-02862  16.607 18.532  0.33540305 0.00000058  7000.30183  0.160  0.104 4.528  0.030 5.049  0.45980519 0.00000141  7000.03533  0.111  0.387 5.883  0.079 3.966
OGLE-BLG-RRLYR-02985  16.700 17.904  0.29031876 0.00000104  7000.28312  0.029  0.048   -    0.075   -    0.39873527 0.00000013  7000.10661  0.357  0.322 4.705  0.128 3.026
OGLE-BLG-RRLYR-04598  17.693 21.152  0.34673085 0.00000040  7000.18446  0.139  0.146 5.619  0.068 4.251  0.46228556 0.00000070  7000.31708  0.137  0.272 3.509  0.060 1.006
OGLE-BLG-RRLYR-05762  16.594 16.594  0.34727829 0.00000039  7000.06727  0.097  0.046 4.053  0.019 0.271  0.46629499 0.00000024  7000.33529  0.215  0.471 3.280  0.167 1.122
OGLE-BLG-RRLYR-06283  16.016 16.016  0.37350589 0.00000022  7000.01654  0.122  0.174 5.505  0.046 3.763  0.50512776 0.00000048  7000.36455  0.092  0.278 3.446  0.059 1.234
OGLE-BLG-RRLYR-07393  16.404 17.723  0.34489280 0.00000036  7000.31758  0.126  0.124 4.890  0.023 3.355  0.46269708 0.00000093  7000.32257  0.087  0.056 3.977  0.008   -  
OGLE-BLG-RRLYR-09965  16.097 17.457  0.34443594 0.00000087  7000.09275  0.097  0.148 4.197  0.046 2.583  0.45977849 0.00000038  7000.00624  0.349  0.382 3.225  0.156 0.698
OGLE-BLG-RRLYR-10728  16.651 18.407  0.35530678 0.00000076  7000.13824  0.103  0.141 3.722  0.060 1.269  0.48166908 0.00000036  7000.38459  0.385  0.256 3.603  0.118 1.187
OGLE-BLG-RRLYR-11158  16.472 18.310  0.32624600 0.00000010  7000.26103  0.233  0.146 5.397  0.029 3.053  0.44178524 0.00000015  7000.00176  0.263  0.242 4.260  0.055 2.709
OGLE-BLG-RRLYR-11311  16.508 18.043  0.34537204 0.00000037  7000.01085  0.185  0.130 4.353  0.066 2.770  0.46846200 0.00000190  7000.30883  0.075  0.052 4.168  0.039 4.757
OGLE-BLG-RRLYR-12660  17.606 20.365  0.27975737 0.00000030  7000.02347  0.198  0.109 5.462  0.052 3.426  0.38421580 0.00000039  7000.31129  0.277  0.268 4.416  0.068 2.514
OGLE-BLG-RRLYR-13302  17.242 18.461  0.23775965 0.00000054  7000.07637  0.042  0.063   -    0.023   -    0.32182863 0.00000008  7000.01854  0.421  0.390 4.672  0.184 2.926
OGLE-BLG-RRLYR-13442  16.066 17.220  0.35401142 0.00000108  7000.00417  0.104  0.132 4.090  0.045 0.151  0.48607182 0.00000095  7000.33433  0.199  0.124 4.306  0.037 2.538
OGLE-BLG-RRLYR-13804  16.285 18.152  0.29049625 0.00000105  7000.09934  0.016  0.096   -    0.172   -    0.39315118 0.00000012  7000.31488  0.237  0.308 4.636  0.131 2.990
OGLE-BLG-RRLYR-14915  15.419 16.520  0.31700760 0.00000048  7000.31133  0.129  0.080 4.326  0.024 2.192  0.43335360 0.00000061  7000.28957  0.198  0.086 4.600  0.021 6.273
OGLE-BLG-RRLYR-15012  16.171 17.255  0.25294937 0.00000044  7000.24722  0.058  0.066 4.323  0.056 4.674  0.34473966 0.00000009  7000.30362  0.476  0.384 4.526  0.181 2.683
OGLE-BLG-RRLYR-17342  17.048 19.072  0.35580075 0.00000149  7000.10494  0.171  0.056 5.568  0.000   -    0.48164648 0.00005439  7000.29619  0.043  0.000   -    0.000   -  
OGLE-BLG-RRLYR-19451  17.721 20.346  0.34271808 0.00000092  7000.03539  0.136  0.034   -    0.071 4.326  0.46894778 0.00000128  7000.42772  0.171  0.232 4.111  0.092 2.894
OGLE-BLG-RRLYR-22356  17.928 20.639  0.32365920 0.00000074  7000.20972  0.041  0.195 4.701  0.080 1.997  0.44262459 0.00000033  7000.23112  0.286  0.128 4.005  0.018 1.751
OGLE-BLG-RRLYR-24137  16.934 18.835  0.32064457 0.00000100  7000.24977  0.125  0.120 4.275  0.046 2.232  0.44192645 0.00000120  7000.12202  0.154  0.111 4.608  0.048 2.149
OGLE-BLG-RRLYR-30986  17.589 20.239  0.36302745 0.00000056  7000.01564  0.151  0.091 4.395  0.027 3.504  0.49427051 0.00000076  7000.09078  0.164  0.612 3.099  0.144 1.445
OGLE-BLG-RRLYR-31786  15.668 17.692  0.29570004 0.00000027  7000.14271  0.126  0.149 4.112  0.017   -    0.39508641 0.00000038  7000.27349  0.146  0.127 3.226  0.015   -  
OGLE-BLG-RRLYR-33181  18.183 21.543  0.27231736 0.00000044  7000.13224  0.194  0.113 5.327  0.034   -    0.37479574 0.00000060  7000.29924  0.229  0.211 4.258  0.072 3.399
OGLE-BLG-RRLYR-38401  16.484 18.068  0.33492091 0.00000152  7000.01495  0.123  0.118 3.396  0.171 5.883  0.44707676 0.00000079  7000.12708  0.307  0.293 3.737  0.143 1.481
OGLE-BLG-RRLYR-38791  14.502 17.086  0.35988696 0.00000016  7000.23079  0.117  0.154 3.633  0.029 1.720  0.48044398 0.00000015  7000.26666  0.194  0.482 2.330  0.130 6.172
OGLE-BLG-RRLYR-38827  17.201 19.982  0.34342334 0.00000018  7000.24586  0.214  0.218 4.429  0.061 2.457  0.46667061 0.00000070  7000.20643  0.101  0.055 0.044  0.009   -  
OGLE-BLG-RRLYR-38859  17.199 19.520  0.34248151 0.00000039  7000.05609  0.085  0.055 4.610  0.016 3.257  0.46689749 0.00000020  7000.27754  0.237  0.559 3.237  0.193 0.971
OGLE-BLG-RRLYR-38998  15.186 16.200  0.35415780 0.00000001  7000.01550  0.056  0.340 5.231  0.124 0.090  0.47426707 0.00000092  7000.41365  0.244  0.167 4.371  0.024 2.308
OGLE-BLG-RRLYR-39091  17.785 18.380  0.33771598 0.00000850  7000.26413  0.105  0.463 3.612  0.472 0.107  0.46296113 0.00000319  7000.28542  0.321  0.430 3.169  0.215 1.088
OGLE-BLG-RRLYR-42916  15.733    -    0.40745893 0.00000678  7000.05746  0.128  0.168 5.421  0.109 2.344  0.54406463 0.00000396  7000.52135  0.255  0.193 3.588  0.089 0.341
OGLE-BLG-RRLYR-43997  16.657    -    0.26368676 0.00000146  7000.24793  0.217  0.122   -    0.169 5.684  0.36517461 0.00000323  7000.29645  0.140  0.265 4.377  0.191 1.303
OGLE-BLG-RRLYR-44866  16.744    -    0.29843691 0.00000229  7000.06499  0.141  0.000   -    0.199 2.518  0.40988590 0.00000191  7000.27544  0.359  0.324 4.769  0.000   -  
OGLE-BLG-RRLYR-45290  16.507    -    0.37426846 0.00000328  7000.17712  0.174  0.336 5.027  0.192 3.642  0.50322299 0.00000402  7000.07380  0.244  0.414 3.405  0.137 0.843
OGLE-BLG-RRLYR-45336  17.762    -    0.35205358 0.00000571  7000.29326  0.141  0.328 0.214  0.000   -    0.48125612 0.00000387  7000.35760  0.392  0.431 2.642  0.212 0.740
OGLE-BLG-RRLYR-46083  16.591    -    0.35299147 0.00000904  7000.11430  0.141  0.000   -    0.000   -    0.47332489 0.00000567  7000.02227  0.400  0.387 3.700  0.102 1.443
OGLE-BLG-RRLYR-47792  16.042    -    0.26478469 0.00000331  7000.09225  0.065  0.000   -    0.000   -    0.35294885 0.00000343  7000.14672  0.135  0.147 3.580  0.000   -  
OGLE-BLG-RRLYR-50651  15.408    -    0.39001893 0.00000613  7000.06034  0.085  0.000   -    0.152 4.759  0.52395705 0.00000215  7000.07548  0.326  0.316 3.526  0.158 1.486
OGLE-BLG-RRLYR-50690  16.667    -    0.36240017 0.00000722  7000.15995  0.183  0.000   -    0.208 3.611  0.49471623 0.00001054  7000.25789  0.239  0.098   -    0.000   -  
OGLE-BLG-RRLYR-52830  16.299    -    0.32405224 0.00000473  7000.25593  0.251  0.060 5.976  0.000   -    0.43484416 0.00001463  7000.42814  0.144  0.286 3.253  0.328 3.003
OGLE-BLG-RRLYR-54358  16.563    -    0.35953053 0.00001297  7000.33871  0.172  0.247 4.279  0.000   -    0.49420829 0.00001048  7000.21956  0.349  0.316 4.492  0.091 2.063
OGLE-BLG-RRLYR-57262  16.156    -    0.44651130 0.00000392  7000.32756  0.195  0.265 3.758  0.000   -    0.59643916 0.00000461  7000.51411  0.200  0.260 2.882  0.000   -  
OGLE-BLG-RRLYR-59284  15.320    -    0.33279097 0.00000762  7000.17683  0.173  0.111 5.404  0.099 2.088  0.45424659 0.00000731  7000.16972  0.246  0.158 4.508  0.047 2.544
OGLE-BLG-RRLYR-60063  15.848    -    0.21736528 0.00000068  7000.02775  0.148  0.172 5.397  0.000   -    0.30633330 0.00000051  7000.14539  0.349  0.314 4.494  0.111 2.608
OGLE-BLG-RRLYR-61334  16.061    -    0.27084446 0.00000148  7000.22677  0.248  0.109 3.316  0.108 2.537  0.36615368 0.00000506  7000.27760  0.143  0.214 4.526  0.239 2.104
OGLE-BLG-RRLYR-66451  16.203    -    0.34509379 0.00000624  7000.18893  0.217  0.163 5.838  0.123 4.028  0.46338064 0.00000773  7000.23433  0.250  0.297 3.224  0.119 5.796
