OGLE-BLG-RRLYR-00039  16.019    -    0.35828330 0.00000096  7000.05845  0.261  0.161 5.473  0.000   -    0.48137130 0.00000489  7000.22559  0.113  0.000   -    0.000   -  
OGLE-BLG-RRLYR-00319  15.884    -    0.38231924 0.00000115  7000.18348  0.243  0.166 4.977  0.095 3.136  0.51267350 0.00000532  7000.49660  0.101  0.236 4.494  0.165 1.782
OGLE-BLG-RRLYR-00727  15.552 17.375  0.40405087 0.00000017  7000.36708  0.205  0.179 5.146  0.075 3.505  0.54158243 0.00000082  7000.29892  0.075  0.109 4.171  0.024   -  
OGLE-BLG-RRLYR-00978  16.141 17.712  0.43354372 0.00000030  7000.29875  0.233  0.159 5.419  0.060 4.020  0.58182113 0.00000247  7000.41729  0.059  0.116 4.761  0.025   -  
OGLE-BLG-RRLYR-01194  17.385 20.515  0.38510562 0.00000015  7000.35160  0.287  0.174 5.054  0.074 3.544  0.51606755 0.00000107  7000.13354  0.075  0.091 4.215  0.031   -  
OGLE-BLG-RRLYR-01275  18.838 20.377  0.35277710 0.00000075  7000.26380  0.229  0.188 5.100  0.137 3.164  0.47391493 0.00000248  7000.23442  0.134  0.099   -    0.079   -  
OGLE-BLG-RRLYR-01846  18.786 20.481  0.35230837 0.00000082  7000.09465  0.211  0.177 4.927  0.074   -    0.47338990 0.00000226  7000.10742  0.152  0.204 4.118  0.086   -  
OGLE-BLG-RRLYR-01988  16.173 17.547  0.32208523 0.00000058  7000.16407  0.243  0.098 5.171  0.048 4.336  0.43551960 0.00000794  7000.20935  0.054  0.063   -    0.044   -  
OGLE-BLG-RRLYR-02027  16.634 17.724  0.27861996 0.00000050  7000.01407  0.225  0.093 5.349  0.018   -    0.37990213 0.00000097  7000.05689  0.219  0.182 4.283  0.024   -  
OGLE-BLG-RRLYR-02202  17.177 18.878  0.34764727 0.00000019  7000.14353  0.199  0.143 4.988  0.070 3.557  0.46752070 0.00000069  7000.23294  0.104  0.114 3.872  0.009   -  
OGLE-BLG-RRLYR-02794  17.940 18.967  0.28567408 0.00000042  7000.10160  0.208  0.146 5.455  0.050 2.356  0.38975635 0.00000066  7000.03590  0.230  0.259 4.129  0.090 2.137
OGLE-BLG-RRLYR-03978  16.385 18.394  0.34176039 0.00000019  7000.32931  0.151  0.081 5.149  0.078 4.133  0.46135979 0.00000302  7000.24783  0.016  0.082   -    0.048   -  
OGLE-BLG-RRLYR-04254  16.536 18.091  0.26804109 0.00000025  7000.03982  0.171  0.045 4.153  0.035 3.292  0.36695912 0.00000067  7000.22121  0.116  0.033 0.840  0.047 2.470
OGLE-BLG-RRLYR-04483  18.135 18.135  0.32489811 0.00000010  7000.07398  0.270  0.104 5.126  0.071 4.183  0.43922078 0.00000055  7000.41006  0.086  0.088 4.117  0.018   -  
OGLE-BLG-RRLYR-04595  16.772 18.613  0.31988737 0.00000008  7000.08860  0.245  0.103 5.001  0.075 4.063  0.43253277 0.00000112  7000.13029  0.032  0.044   -    0.078   -  
OGLE-BLG-RRLYR-05475  15.894 17.476  0.39644331 0.00000016  7000.04977  0.245  0.195 5.033  0.078 3.379  0.53082234 0.00000177  7000.31863  0.040  0.038 4.398  0.026   -  
OGLE-BLG-RRLYR-06613  16.516 18.120  0.29501153 0.00000021  7000.12395  0.194  0.120 5.207  0.023 3.617  0.40051793 0.00000048  7000.17074  0.153  0.141 4.352  0.047 2.848
OGLE-BLG-RRLYR-06928  15.100 16.118  0.37319166 0.00000027  7000.35033  0.247  0.180 5.221  0.062 3.579  0.50116605 0.00000075  7000.15312  0.144  0.148 4.044  0.029 2.127
OGLE-BLG-RRLYR-06974  16.437 18.078  0.27553868 0.00000047  7000.26993  0.177  0.120 5.228  0.054 3.293  0.37579017 0.00000072  7000.22430  0.231  0.268 4.203  0.078 2.534
OGLE-BLG-RRLYR-07451  16.298 17.391  0.27489584 0.00000018  7000.26983  0.211  0.102 5.235  0.050 4.066  0.37555245 0.00000031  7000.32864  0.204  0.164 4.311  0.022 2.370
OGLE-BLG-RRLYR-07533  16.668 17.999  0.27560976 0.00000014  7000.07442  0.211  0.129 5.236  0.031 3.965  0.37591827 0.00000022  7000.33765  0.235  0.214 4.300  0.049 2.399
OGLE-BLG-RRLYR-07686  15.370 16.531  0.34684502 0.00000051  7000.12220  0.251  0.175 5.140  0.055 3.879  0.46652204 0.00000127  7000.46203  0.199  0.181 4.174  0.040 3.374
OGLE-BLG-RRLYR-08461  18.597 21.015  0.42193189 0.00000069  7000.27572  0.080  0.143 5.244  0.117 4.018  0.56593348 0.00000369  7000.00498  0.028  0.076   -    0.073   -  
OGLE-BLG-RRLYR-08758  16.638 17.791  0.29601142 0.00000015  7000.10690  0.274  0.105 4.923  0.051 3.957  0.40167265 0.00000102  7000.02851  0.082  0.116 3.987  0.000   -  
OGLE-BLG-RRLYR-09258  16.453 18.236  0.27766817 0.00000005  7000.10981  0.202  0.105 4.999  0.059 4.091  0.37932764 0.00000014  7000.19898  0.123  0.130 4.253  0.010   -  
OGLE-BLG-RRLYR-09284  15.382 17.660  0.32299640 0.00000009  7000.06459  0.118  0.113 5.092  0.059 3.834  0.43680373 0.00000030  7000.14611  0.062  0.136 4.131  0.012 2.506
OGLE-BLG-RRLYR-09602  17.640 19.836  0.35851249 0.00000112  7000.10837  0.261  0.201 4.906  0.000   -    0.48158137 0.00000292  7000.33281  0.187  0.113 3.896  0.200 3.322
OGLE-BLG-RRLYR-09692  16.440 19.451  0.32691615 0.00000042  7000.30696  0.097  0.082 5.062  0.065 3.857  0.44176272 0.00000265  7000.10871  0.028  0.091   -    0.030   -  
OGLE-BLG-RRLYR-09742  16.700 18.609  0.31927051 0.00000008  7000.06732  0.239  0.104 5.119  0.074 4.095  0.43177192 0.00000035  7000.32928  0.089  0.097 4.262  0.008   -  
OGLE-BLG-RRLYR-10242  16.615 18.324  0.32604518 0.00000007  7000.15117  0.257  0.106 4.977  0.074 4.057  0.44074815 0.00000197  7000.33015  0.013  0.043   -    0.090 2.771
OGLE-BLG-RRLYR-10369  16.554 18.395  0.32170635 0.00000007  7000.04146  0.222  0.111 5.135  0.065 3.994  0.43487035 0.00000022  7000.27669  0.114  0.115 4.244  0.005   -  
OGLE-BLG-RRLYR-10421  16.752 18.232  0.26253747 0.00000013  7000.04013  0.168  0.123 5.199  0.029 3.447  0.36034110 0.00000019  7000.33850  0.214  0.236 4.279  0.061 2.388
OGLE-BLG-RRLYR-10510  14.840 14.840  0.37497055 0.00000006  7000.28110  0.256  0.176 5.118  0.073 3.467  0.50306920 0.00000021  7000.37420  0.118  0.121 4.034  0.018 2.518
OGLE-BLG-RRLYR-10641  17.102 19.062  0.32169698 0.00000010  7000.23573  0.220  0.139 5.222  0.060 3.592  0.43462918 0.00000022  7000.29582  0.172  0.175 4.247  0.030 2.330
OGLE-BLG-RRLYR-10744  16.114 17.423  0.35576414 0.00000009  7000.14946  0.250  0.126 5.089  0.070 3.776  0.47811448 0.00000150  7000.24078  0.029  0.043   -    0.024   -  
OGLE-BLG-RRLYR-10796  15.774 17.307  0.31909942 0.00000005  7000.07932  0.237  0.100 5.085  0.066 4.148  0.43137603 0.00000027  7000.38790  0.070  0.079 4.294  0.013 3.399
OGLE-BLG-RRLYR-11008  15.348 16.444  0.36432375 0.00000021  7000.02043  0.258  0.192 5.086  0.062 2.935  0.48936478 0.00000050  7000.35950  0.191  0.181 4.084  0.044 2.550
OGLE-BLG-RRLYR-11113  18.639 20.087  0.35548856 0.00000054  7000.18017  0.230  0.218 5.039  0.063 3.419  0.47798389 0.00000093  7000.28208  0.221  0.233 3.824  0.084 2.451
OGLE-BLG-RRLYR-11234  15.296 16.531  0.35300256 0.00000009  7000.10072  0.262  0.123 4.954  0.072 3.673  0.47438138 0.00000341  7000.47071  0.014  0.087   -    0.098   -  
OGLE-BLG-RRLYR-11291  15.229 16.555  0.42114218 0.00000029  7000.28898  0.236  0.196 5.401  0.078 3.747  0.56577556 0.00000081  7000.31947  0.152  0.175 4.307  0.025 3.105
OGLE-BLG-RRLYR-11665  15.910 17.195  0.37187502 0.00000015  7000.27835  0.260  0.159 4.973  0.072 3.500  0.49870514 0.00000101  7000.08776  0.084  0.121 3.795  0.026   -  
OGLE-BLG-RRLYR-11981  15.489 15.489  0.43938466 0.00000006  7000.35687  0.226  0.140 5.553  0.077 4.178  0.59019357 0.00000055  7000.36898  0.042  0.038 4.331  0.012 3.031
OGLE-BLG-RRLYR-12521  15.768 16.886  0.36202557 0.00000008  7000.35339  0.248  0.116 5.119  0.069 4.009  0.48688271 0.00000180  7000.10337  0.020  0.008   -    0.012   -  
OGLE-BLG-RRLYR-12804  14.859 16.502  0.42332433 0.00000042  7000.14732  0.258  0.248 5.054  0.058 3.067  0.56774100 0.00000128  7000.02666  0.154  0.147 3.956  0.026 2.746
OGLE-BLG-RRLYR-12904  14.969 16.235  0.42762656 0.00000017  7000.41561  0.232  0.188 5.190  0.078 3.567  0.57348823 0.00000076  7000.09905  0.096  0.103 4.129  0.008   -  
OGLE-BLG-RRLYR-13009  16.186 17.570  0.36966294 0.00000011  7000.07505  0.252  0.151 5.107  0.065 3.654  0.49641685 0.00000048  7000.45956  0.103  0.100 4.189  0.013   -  
OGLE-BLG-RRLYR-13023  15.324 16.016  0.34193251 0.00000064  7000.27541  0.252  0.200 5.147  0.015 1.747  0.46051302 0.00000106  7000.12576  0.245  0.234 4.050  0.075 2.434
OGLE-BLG-RRLYR-13198  17.090 17.090  0.32174419 0.00000006  7000.28817  0.255  0.111 4.903  0.070 4.006  0.43443753 0.00000125  7000.43410  0.020  0.043   -    0.014   -  
OGLE-BLG-RRLYR-13666  15.909 17.154  0.30495953 0.00000008  7000.24600  0.247  0.117 4.955  0.071 3.837  0.41344134 0.00000029  7000.01820  0.123  0.127 4.339  0.013   -  
OGLE-BLG-RRLYR-13721  18.502 19.580  0.33938892 0.00000054  7000.21971  0.321  0.151 4.962  0.045 3.590  0.45712778 0.00000122  7000.06684  0.254  0.199 4.267  0.062 3.080
OGLE-BLG-RRLYR-14029  15.402 16.438  0.31798616 0.00000007  7000.08883  0.230  0.103 5.091  0.070 4.062  0.42994514 0.00000038  7000.23913  0.078  0.076 4.150  0.008   -  
OGLE-BLG-RRLYR-14031  15.881 17.499  0.42976629 0.00000017  7000.38001  0.235  0.168 5.176  0.075 3.586  0.57611888 0.00000137  7000.53490  0.050  0.087 4.161  0.026   -  
OGLE-BLG-RRLYR-14491  14.773    -    0.36284712 0.00000069  7000.28511  0.235  0.170 5.111  0.080 3.594  0.48720309 0.00000155  7000.29591  0.168  0.162 4.149  0.044 3.231
OGLE-BLG-RRLYR-14523  16.122 17.569  0.31999362 0.00000009  7000.14555  0.234  0.104 5.098  0.070 4.145  0.43271236 0.00000056  7000.03256  0.062  0.063 3.861  0.010   -  
OGLE-BLG-RRLYR-14747  17.041 18.002  0.35446268 0.00000021  7000.02530  0.246  0.196 5.136  0.063 3.173  0.47625986 0.00000050  7000.05915  0.198  0.166 4.146  0.030 3.132
OGLE-BLG-RRLYR-14782  17.453 18.983  0.25378812 0.00000015  7000.22508  0.169  0.158 5.288  0.045 3.810  0.34928981 0.00000022  7000.22999  0.209  0.240 4.319  0.050 2.502
OGLE-BLG-RRLYR-14951  19.454 20.799  0.35776399 0.00000048  7000.20069  0.401  0.182 5.156  0.087 4.334  0.48084331 0.00000180  7000.09999  0.203  0.163 4.741  0.100   -  
OGLE-BLG-RRLYR-15089  18.130    -    0.40988296 0.00000105  7000.24756  0.211  0.234 5.038  0.111 3.717  0.54928555 0.00000451  7000.41407  0.121  0.204 3.756  0.040   -  
OGLE-BLG-RRLYR-15243  18.014 19.071  0.41518773 0.00000075  7000.02633  0.194  0.137 5.159  0.053 4.115  0.55672624 0.00000435  7000.26546  0.074  0.106   -    0.019   -  
OGLE-BLG-RRLYR-15770  15.412 16.256  0.32249718 0.00000014  7000.30846  0.243  0.110 5.073  0.065 3.991  0.43571235 0.00000116  7000.26388  0.058  0.035   -    0.046 1.930
OGLE-BLG-RRLYR-15964  15.254 16.119  0.32474711 0.00000013  7000.07211  0.247  0.091 5.179  0.067 4.219  0.43885475 0.00000106  7000.29369  0.058  0.061 3.888  0.011   -  
OGLE-BLG-RRLYR-16162  15.552 16.380  0.35538083 0.00000021  7000.28469  0.245  0.174 5.189  0.080 3.508  0.47774033 0.00000058  7000.39905  0.171  0.180 4.068  0.038 2.449
OGLE-BLG-RRLYR-16319  15.106 15.863  0.35846332 0.00000023  7000.01014  0.247  0.161 5.146  0.077 3.397  0.48210977 0.00000057  7000.36803  0.186  0.173 4.244  0.037 2.972
OGLE-BLG-RRLYR-16361  17.974 18.859  0.33524559 0.00000049  7000.00600  0.271  0.125 5.101  0.059 4.057  0.45252943 0.00000372  7000.03774  0.074  0.076   -    0.081   -  
OGLE-BLG-RRLYR-16386  16.285 17.594  0.40459510 0.00000129  7000.19945  0.241  0.276 5.065  0.058 3.198  0.54232572 0.00000397  7000.46831  0.143  0.149 4.493  0.075 3.133
OGLE-BLG-RRLYR-16403  18.189 19.169  0.35318036 0.00000064  7000.03954  0.250  0.203 5.028  0.057 3.445  0.47485321 0.00000118  7000.08888  0.229  0.252 4.045  0.054 1.827
OGLE-BLG-RRLYR-16451  18.151 19.255  0.35156831 0.00000071  7000.31404  0.235  0.179 5.106  0.059 3.287  0.47291731 0.00000113  7000.02192  0.234  0.241 3.751  0.018   -  
OGLE-BLG-RRLYR-16665  15.575 16.696  0.32112679 0.00000097  7000.00720  0.253  0.126 4.897  0.083 4.052  0.43427162 0.00001527  7000.25845  0.029  0.000   -    0.000   -  
OGLE-BLG-RRLYR-16684  16.614    -    0.25767457 0.00000073  7000.10822  0.186  0.112 5.361  0.110   -    0.35484354 0.00000217  7000.34201  0.177  0.192 4.109  0.000   -  
OGLE-BLG-RRLYR-16881  16.720 18.000  0.34895654 0.00000056  7000.19088  0.240  0.180 5.063  0.073 3.264  0.46920600 0.00000147  7000.35327  0.151  0.131 4.067  0.046 2.563
OGLE-BLG-RRLYR-17064  16.071 17.229  0.32123834 0.00000041  7000.27359  0.231  0.118 5.056  0.064 3.794  0.43416341 0.00000159  7000.11942  0.118  0.133 4.290  0.008   -  
OGLE-BLG-RRLYR-17146  16.420 18.194  0.43272749 0.00000026  7000.11699  0.231  0.192 5.402  0.089 3.664  0.58046420 0.00000107  7000.12411  0.109  0.107 4.042  0.011   -  
OGLE-BLG-RRLYR-17445  16.367 18.270  0.34443487 0.00000020  7000.00997  0.233  0.144 5.111  0.056 3.394  0.46355614 0.00000046  7000.35964  0.181  0.193 4.253  0.043 2.316
OGLE-BLG-RRLYR-17931  17.463 19.634  0.40417068 0.00000034  7000.14791  0.265  0.205 5.206  0.060 3.528  0.54134474 0.00000243  7000.14604  0.083  0.123 3.806  0.044   -  
OGLE-BLG-RRLYR-18439  17.335 19.574  0.31829522 0.00000018  7000.18943  0.229  0.097 5.038  0.060 4.120  0.43023212 0.00000133  7000.41871  0.062  0.074   -    0.022   -  
OGLE-BLG-RRLYR-18912  16.920 19.037  0.33791684 0.00000023  7000.18145  0.246  0.189 5.222  0.028 2.613  0.45526859 0.00000040  7000.12237  0.247  0.233 4.199  0.055 2.659
OGLE-BLG-RRLYR-19101  16.892 18.954  0.35909948 0.00000020  7000.02598  0.244  0.152 5.135  0.045 3.425  0.48260786 0.00000051  7000.15741  0.165  0.177 4.133  0.021   -  
OGLE-BLG-RRLYR-19623  17.645 20.199  0.32444973 0.00000023  7000.09250  0.216  0.095 5.287  0.071 4.118  0.43832806 0.00000071  7000.34998  0.131  0.137 4.152  0.008   -  
OGLE-BLG-RRLYR-19963  18.451 21.362  0.34366935 0.00000254  7000.21304  0.129  0.146   -    0.103   -    0.46321255 0.00000306  7000.12747  0.203  0.068   -    0.092   -  
OGLE-BLG-RRLYR-20749  18.327 20.694  0.39656015 0.00000019  7000.26518  0.254  0.196 5.071  0.082 3.501  0.53109783 0.00000091  7000.08038  0.098  0.113 4.172  0.036   -  
OGLE-BLG-RRLYR-21574  15.009 16.844  0.29435320 0.00000032  7000.05319  0.064  0.128 4.838  0.052 3.151  0.39983880 0.00000101  7000.03455  0.040  0.101 4.085  0.043   -  
OGLE-BLG-RRLYR-22158  18.026 21.130  0.34840607 0.00000030  7000.24863  0.243  0.146 5.050  0.053 3.571  0.46844890 0.00000140  7000.30296  0.094  0.086 4.439  0.023   -  
OGLE-BLG-RRLYR-22295  18.552 20.715  0.35577173 0.00000277  7000.19501  0.212  0.073   -    0.078   -    0.47807124 0.00000586  7000.44287  0.194  0.150   -    0.063   -  
OGLE-BLG-RRLYR-22864  17.392 19.616  0.44376293 0.00000187  7000.41538  0.227  0.182 5.784  0.118 4.059  0.59566237 0.00001492  7000.40424  0.071  0.147   -    0.087   -  
OGLE-BLG-RRLYR-23174  18.323 21.280  0.31962963 0.00000055  7000.24906  0.239  0.098 5.268  0.010   -    0.43200881 0.00000179  7000.05840  0.128  0.106 4.247  0.100 1.326
OGLE-BLG-RRLYR-23238  17.860 20.733  0.31849179 0.00000040  7000.18957  0.230  0.089 5.048  0.061 4.329  0.43079253 0.00000238  7000.40941  0.070  0.097   -    0.067   -  
OGLE-BLG-RRLYR-24330  17.125 19.127  0.43083715 0.00000223  7000.07424  0.217  0.225 4.945  0.087 3.092  0.57726542 0.00000837  7000.02658  0.127  0.136 3.690  0.154 5.417
OGLE-BLG-RRLYR-25150  17.789 20.732  0.28659353 0.00000033  7000.00167  0.227  0.118 5.648  0.035   -    0.39055124 0.00000044  7000.08535  0.285  0.279 4.280  0.071 2.612
OGLE-BLG-RRLYR-26316  18.125 19.817  0.35571172 0.00000070  7000.12100  0.211  0.146 5.117  0.062 3.179  0.47822149 0.00000158  7000.31967  0.153  0.203 4.053  0.053   -  
OGLE-BLG-RRLYR-26790  18.003 19.566  0.45076656 0.00000101  7000.45036  0.218  0.177 5.322  0.054 4.038  0.60488781 0.00000551  7000.06662  0.076  0.147   -    0.107   -  
OGLE-BLG-RRLYR-27264  18.108 20.871  0.29359509 0.00000030  7000.26948  0.221  0.117 5.037  0.071 4.013  0.39818101 0.00000073  7000.22915  0.169  0.154 4.397  0.039   -  
OGLE-BLG-RRLYR-27809  16.111 17.981  0.29254116 0.00000029  7000.20253  0.216  0.089 5.053  0.042 4.292  0.39744270 0.00000086  7000.26408  0.138  0.150 4.315  0.030 2.877
OGLE-BLG-RRLYR-27817  17.449 19.871  0.31001010 0.00000049  7000.11890  0.207  0.141 5.176  0.034   -    0.41958931 0.00000076  7000.19043  0.230  0.236 4.288  0.023   -  
OGLE-BLG-RRLYR-28092  17.380 20.237  0.32395742 0.00000030  7000.26502  0.223  0.131 5.296  0.080 4.164  0.43774744 0.00000239  7000.00900  0.052  0.103   -    0.051   -  
OGLE-BLG-RRLYR-28430  18.039 21.407  0.32096938 0.00000034  7000.19482  0.256  0.117 4.730  0.058 3.788  0.43370973 0.00000133  7000.40937  0.124  0.123 4.617  0.120   -  
OGLE-BLG-RRLYR-28552  16.558 18.279  0.35592477 0.00000022  7000.05037  0.245  0.186 5.034  0.064 3.306  0.47829413 0.00000057  7000.36703  0.176  0.179 4.132  0.015   -  
OGLE-BLG-RRLYR-30068  16.046 18.508  0.40160584 0.00000015  7000.33307  0.244  0.224 5.128  0.089 3.405  0.53803965 0.00000060  7000.22297  0.113  0.134 4.006  0.018 2.070
OGLE-BLG-RRLYR-30134  18.628 18.628  0.28547045 0.00000011  7000.16334  0.253  0.126 5.042  0.065 4.046  0.38883478 0.00000039  7000.14263  0.129  0.120 4.459  0.018   -  
OGLE-BLG-RRLYR-31428  17.631 20.644  0.31823424 0.00000012  7000.31000  0.241  0.147 5.325  0.037 3.219  0.43023720 0.00000019  7000.21274  0.270  0.237 4.257  0.053 2.776
OGLE-BLG-RRLYR-32462  17.949 21.119  0.32225772 0.00000022  7000.00549  0.172  0.134 4.492  0.058 2.243  0.43574965 0.00000076  7000.00989  0.086  0.064 4.086  0.021   -  
OGLE-BLG-RRLYR-32853  17.328 19.448  0.34543899 0.00000051  7000.21721  0.230  0.204 5.231  0.052 3.479  0.46527365 0.00000085  7000.25377  0.245  0.225 4.153  0.042 3.084
OGLE-BLG-RRLYR-33083  14.954 15.877  0.36799171 0.00000025  7000.08639  0.241  0.188 5.245  0.060 3.348  0.49479631 0.00000052  7000.48995  0.187  0.195 4.128  0.043 3.134
OGLE-BLG-RRLYR-33345  17.388 20.867  0.37130436 0.00000026  7000.22249  0.258  0.190 4.979  0.080 3.101  0.49801895 0.00000105  7000.22169  0.131  0.178 4.120  0.027   -  
OGLE-BLG-RRLYR-33556  18.105 19.418  0.27810910 0.00000027  7000.00795  0.198  0.122 5.081  0.036   -    0.37951665 0.00000051  7000.14569  0.190  0.209 3.997  0.039   -  
OGLE-BLG-RRLYR-33847  15.896 17.047  0.35303563 0.00000014  7000.12791  0.230  0.159 5.116  0.053 3.491  0.47482933 0.00000035  7000.27981  0.182  0.186 4.143  0.028 2.186
OGLE-BLG-RRLYR-34019  17.684 19.164  0.34724036 0.00000049  7000.15463  0.092  0.184 4.872  0.053   -    0.46736195 0.00000080  7000.31495  0.094  0.222 3.923  0.055 1.615
OGLE-BLG-RRLYR-34205  17.879 18.771  0.37158987 0.00000055  7000.24832  0.245  0.223 5.217  0.083 3.838  0.49907140 0.00000118  7000.32566  0.192  0.166 3.807  0.063   -  
OGLE-BLG-RRLYR-34364  18.637 19.833  0.35235927 0.00000056  7000.24799  0.215  0.166 5.095  0.076 3.509  0.47352886 0.00000215  7000.04012  0.111  0.077   -    0.046   -  
OGLE-BLG-RRLYR-34492  17.759 18.383  0.35139605 0.00000073  7000.12758  0.262  0.190 5.116  0.088 3.185  0.47214803 0.00000241  7000.13292  0.160  0.238 4.461  0.041   -  
OGLE-BLG-RRLYR-34589  18.691    -    0.34997131 0.00000068  7000.05941  0.248  0.210 5.089  0.052   -    0.47096939 0.00000169  7000.07095  0.220  0.133   -    0.116   -  
OGLE-BLG-RRLYR-34603  14.954 15.698  0.35432995 0.00000062  7000.17010  0.252  0.156 5.130  0.057 3.750  0.47639959 0.00000140  7000.11564  0.184  0.179 4.280  0.027 3.324
OGLE-BLG-RRLYR-34653  18.023 18.985  0.35444523 0.00000044  7000.11057  0.254  0.216 5.274  0.035   -    0.47650589 0.00000113  7000.33866  0.191  0.164 3.968  0.060 2.414
OGLE-BLG-RRLYR-34704  17.365 18.366  0.35291957 0.00000041  7000.14179  0.140  0.163 5.005  0.070 3.316  0.47477943 0.00000106  7000.34955  0.099  0.187 4.210  0.023   -  
OGLE-BLG-RRLYR-35023  16.962 19.530  0.44457409 0.00000058  7000.31548  0.224  0.167 5.453  0.072 3.827  0.59671425 0.00000374  7000.19072  0.072  0.035   -    0.052   -  
OGLE-BLG-RRLYR-35556  17.624 18.723  0.35155084 0.00000049  7000.13043  0.173  0.158 5.032  0.077 2.979  0.47254858 0.00000092  7000.36970  0.153  0.214 4.026  0.064 2.591
OGLE-BLG-RRLYR-35654  15.522 16.311  0.34248053 0.00000038  7000.02046  0.247  0.184 5.329  0.040 3.603  0.46146390 0.00000057  7000.40951  0.277  0.262 4.089  0.077 2.485
OGLE-BLG-RRLYR-35834  16.658 17.967  0.36743135 0.00000036  7000.31394  0.273  0.245 5.081  0.082 3.490  0.49368837 0.00000073  7000.47039  0.241  0.175 4.150  0.038 1.620
OGLE-BLG-RRLYR-35964  15.677 16.824  0.40510346 0.00000032  7000.04574  0.236  0.163 5.292  0.060 3.972  0.54308847 0.00000167  7000.48754  0.094  0.077 3.395  0.069 5.727
OGLE-BLG-RRLYR-35986  14.706 15.114  0.37566027 0.00000020  7000.08756  0.261  0.158 5.139  0.074 3.725  0.50403154 0.00000169  7000.17360  0.058  0.094 3.951  0.016   -  
OGLE-BLG-RRLYR-36002  14.059 15.088  0.40826604 0.00000030  7000.37124  0.238  0.231 5.183  0.094 3.379  0.54741065 0.00000099  7000.52993  0.138  0.141 4.303  0.022 3.270
OGLE-BLG-RRLYR-36092  15.844 16.746  0.35571889 0.00000017  7000.29879  0.253  0.155 5.057  0.067 3.566  0.47744083 0.00000113  7000.47089  0.072  0.053 3.997  0.057 6.216
OGLE-BLG-RRLYR-36230  17.755 18.814  0.35103191 0.00000142  7000.17189  0.247  0.154 5.231  0.107 4.092  0.47199936 0.00000416  7000.10116  0.141  0.054   -    0.075   -  
OGLE-BLG-RRLYR-36324  18.064 19.108  0.34592783 0.00000058  7000.10124  0.255  0.215 5.091  0.065 3.225  0.46569780 0.00000112  7000.37883  0.221  0.252 4.249  0.089 2.499
OGLE-BLG-RRLYR-36384  18.330 19.055  0.35187159 0.00000074  7000.16084  0.276  0.118 5.172  0.050   -    0.47301022 0.00000152  7000.07485  0.249  0.231 4.068  0.086 2.124
OGLE-BLG-RRLYR-36395  18.316 19.714  0.35990079 0.00000065  7000.14931  0.214  0.157 5.199  0.094 4.184  0.48371432 0.00000305  7000.00596  0.102  0.116   -    0.174 4.584
OGLE-BLG-RRLYR-36501  16.989 17.955  0.34305076 0.00000040  7000.24640  0.232  0.214 5.180  0.073 3.104  0.46193842 0.00000067  7000.43698  0.243  0.248 4.066  0.052 2.609
OGLE-BLG-RRLYR-36591  17.840 18.486  0.35231634 0.00000096  7000.22747  0.257  0.144 4.985  0.114 3.505  0.47359235 0.00000537  7000.31128  0.100  0.103   -    0.134 2.103
OGLE-BLG-RRLYR-36758  17.628 18.140  0.35035128 0.00000219  7000.00836  0.269  0.184 5.055  0.055   -    0.47104882 0.00000533  7000.31235  0.209  0.164 4.314  0.005   -  
OGLE-BLG-RRLYR-36804  17.665 18.267  0.34178478 0.00000169  7000.18809  0.239  0.179 5.289  0.063 2.706  0.46015097 0.00000387  7000.11073  0.200  0.241 4.366  0.051   -  
OGLE-BLG-RRLYR-36819  17.688 18.258  0.34688159 0.00000178  7000.27575  0.251  0.182 4.967  0.041   -    0.46672304 0.00000371  7000.05589  0.205  0.208 4.181  0.065   -  
OGLE-BLG-RRLYR-36838  16.633 17.186  0.36325504 0.00000132  7000.34449  0.256  0.179 5.194  0.061 3.343  0.48784900 0.00000451  7000.05263  0.137  0.123 3.923  0.039   -  
OGLE-BLG-RRLYR-36940  17.436 17.997  0.35049376 0.00000132  7000.04861  0.240  0.108 5.100  0.064 3.650  0.47131955 0.00000580  7000.03262  0.103  0.174 4.211  0.138 2.732
OGLE-BLG-RRLYR-36956  17.605 18.200  0.35485468 0.00000218  7000.06565  0.245  0.121 5.347  0.045 3.817  0.47808801 0.00000955  7000.01024  0.117  0.078   -    0.077   -  
OGLE-BLG-RRLYR-37163  17.624 18.104  0.35508052 0.00000185  7000.30975  0.256  0.154 5.005  0.055 2.255  0.47729617 0.00000478  7000.00529  0.181  0.117 4.413  0.191 0.323
OGLE-BLG-RRLYR-37260  14.611 15.107  0.32350906 0.00000050  7000.28821  0.233  0.089 4.937  0.074 4.014  0.43705345 0.00000316  7000.29390  0.069  0.093 3.527  0.077 2.022
OGLE-BLG-RRLYR-37394  15.545 15.998  0.32368385 0.00000057  7000.07014  0.245  0.107 5.117  0.070 4.207  0.43751149 0.00000411  7000.07722  0.060  0.181 4.162  0.007   -  
OGLE-BLG-RRLYR-37511  16.142 16.838  0.32268255 0.00000060  7000.20269  0.280  0.147 4.801  0.096 4.029  0.43572305 0.00000482  7000.19163  0.065  0.179 3.859  0.093   -  
OGLE-BLG-RRLYR-37594  17.548 18.017  0.35370899 0.00000242  7000.21316  0.259  0.144 5.815  0.137 4.866  0.47672175 0.00001654  7000.35923  0.082  0.277   -    0.358   -  
OGLE-BLG-RRLYR-37711  17.760 18.422  0.34991624 0.00000187  7000.07212  0.231  0.182 5.091  0.096 3.973  0.47061257 0.00000488  7000.04812  0.155  0.082   -    0.071   -  
OGLE-BLG-RRLYR-37761  15.491 16.052  0.43127066 0.00000108  7000.40366  0.239  0.137 5.373  0.060 4.047  0.57840303 0.00001493  7000.47872  0.035  0.043   -    0.055   -  
OGLE-BLG-RRLYR-37842  17.729 18.343  0.35156856 0.00000156  7000.20829  0.236  0.186 5.150  0.059   -    0.47268592 0.00000458  7000.21236  0.201  0.193 4.264  0.030   -  
OGLE-BLG-RRLYR-37895  17.715 18.244  0.36705387 0.00000172  7000.00712  0.233  0.151 4.823  0.081 2.899  0.49337348 0.00000502  7000.26504  0.208  0.184 3.915  0.053   -  
OGLE-BLG-RRLYR-38021  17.060 17.610  0.35863524 0.00000249  7000.30616  0.250  0.134 5.210  0.090 2.559  0.48204434 0.00000485  7000.18041  0.230  0.201 4.111  0.077 3.233
OGLE-BLG-RRLYR-38214  17.647 18.221  0.35192477 0.00000164  7000.34828  0.281  0.184 5.040  0.043   -    0.47310933 0.00000431  7000.21051  0.160  0.074   -    0.116 3.055
OGLE-BLG-RRLYR-38242  17.608 18.346  0.34618372 0.00000161  7000.05925  0.226  0.220 5.135  0.069 3.019  0.46564332 0.00000307  7000.01204  0.215  0.207 4.307  0.021   -  
OGLE-BLG-RRLYR-38259  17.591 18.132  0.35352615 0.00000151  7000.24937  0.253  0.158 5.122  0.066 2.550  0.47534510 0.00000425  7000.40093  0.208  0.200 4.068  0.057   -  
OGLE-BLG-RRLYR-38265  17.528 18.016  0.34734473 0.00000191  7000.07793  0.240  0.191 4.888  0.092 3.746  0.46707265 0.00000422  7000.17122  0.191  0.196 4.384  0.088 1.062
OGLE-BLG-RRLYR-39169  15.978    -    0.45277732 0.00000159  7000.35556  0.245  0.236 5.087  0.099 3.458  0.60613489 0.00000855  7000.14458  0.068  0.000   -    0.000   -  
OGLE-BLG-RRLYR-39548  15.765    -    0.31842518 0.00000103  7000.21284  0.246  0.080 4.847  0.045 3.806  0.43048171 0.00000216  7000.36662  0.164  0.135 4.222  0.000   -  
OGLE-BLG-RRLYR-39601  14.570    -    0.45459863 0.00000124  7000.11137  0.223  0.156 5.362  0.076 3.910  0.61013625 0.00000587  7000.25441  0.065  0.000   -    0.000   -  
OGLE-BLG-RRLYR-39665  14.953    -    0.38586970 0.00000094  7000.09498  0.254  0.150 4.979  0.057 3.307  0.51702078 0.00000405  7000.14531  0.091  0.095 3.270  0.000   -  
OGLE-BLG-RRLYR-39778  16.528    -    0.35585802 0.00000245  7000.06971  0.256  0.083 4.872  0.144 2.561  0.47841015 0.00000408  7000.22760  0.240  0.257 3.903  0.133 2.459
OGLE-BLG-RRLYR-39952  17.939    -    0.34452338 0.00000285  7000.10955  0.250  0.318 5.239  0.000   -    0.46370643 0.00000473  7000.27192  0.217  0.398 4.219  0.000   -  
OGLE-BLG-RRLYR-40079  17.615    -    0.35568623 0.00000145  7000.28678  0.289  0.230 5.014  0.000   -    0.47764167 0.00000737  7000.24813  0.113  0.000   -    0.000   -  
OGLE-BLG-RRLYR-40341  15.994    -    0.36228595 0.00000072  7000.07930  0.244  0.173 5.254  0.093 3.946  0.48642203 0.00000343  7000.12446  0.106  0.187 3.940  0.000   -  
OGLE-BLG-RRLYR-41221  16.626    -    0.32252677 0.00000086  7000.29884  0.263  0.114 4.604  0.000   -    0.43591190 0.00000453  7000.42006  0.091  0.000   -    0.000   -  
OGLE-BLG-RRLYR-41267  14.294    -    0.42556699 0.00000174  7000.36496  0.236  0.243 5.371  0.124 3.479  0.57100404 0.00000784  7000.19395  0.120  0.088 4.306  0.000   -  
OGLE-BLG-RRLYR-41311  17.860    -    0.41252064 0.00001108  7000.36748  0.262  0.000   -    0.000   -    0.55361774 0.00002189  7000.31186  0.217  0.353   -    0.000   -  
OGLE-BLG-RRLYR-41312  15.431    -    0.40372585 0.00000403  7000.30202  0.260  0.208 4.993  0.061 2.867  0.54110245 0.00001416  7000.13958  0.161  0.288 3.944  0.078   -  
OGLE-BLG-RRLYR-41642  17.613    -    0.36566147 0.00000188  7000.02082  0.284  0.290 4.945  0.000   -    0.49115374 0.00000607  7000.17748  0.220  0.186 4.116  0.000   -  
OGLE-BLG-RRLYR-41735  15.274    -    0.35382306 0.00000085  7000.15479  0.254  0.152 4.816  0.097 4.062  0.47547221 0.00000340  7000.04166  0.118  0.109 3.703  0.131 4.714
OGLE-BLG-RRLYR-42017  16.306    -    0.40631894 0.00000145  7000.30389  0.246  0.227 5.313  0.062   -    0.54475467 0.00000565  7000.12942  0.140  0.202 4.290  0.000   -  
OGLE-BLG-RRLYR-42091  15.303    -    0.31936035 0.00000052  7000.29250  0.263  0.122 5.023  0.082 4.039  0.43190878 0.00000300  7000.37329  0.065  0.216 4.516  0.233 5.352
OGLE-BLG-RRLYR-42146  16.632    -    0.43660874 0.00000531  7000.25852  0.217  0.122 5.751  0.082   -    0.58668491 0.00001194  7000.07962  0.168  0.239 3.773  0.111   -  
OGLE-BLG-RRLYR-42185  14.901    -    0.39503017 0.00000098  7000.30037  0.271  0.220 5.028  0.119 3.074  0.52904472 0.00000705  7000.42273  0.085  0.117 4.535  0.000   -  
OGLE-BLG-RRLYR-42360  15.455    -    0.31837796 0.00000051  7000.25984  0.257  0.124 4.989  0.067 4.328  0.43042161 0.00000608  7000.38791  0.033  0.000   -    0.000   -  
OGLE-BLG-RRLYR-42519  15.968    -    0.31771874 0.00000068  7000.13929  0.255  0.098 5.206  0.072 4.132  0.43008991 0.00000242  7000.18305  0.127  0.000   -    0.000   -  
OGLE-BLG-RRLYR-42537  17.518    -    0.40891190 0.00000229  7000.13328  0.274  0.340 5.199  0.000   -    0.54780093 0.00001061  7000.07967  0.106  0.000   -    0.000   -  
OGLE-BLG-RRLYR-42550  16.787    -    0.35515299 0.00000196  7000.08181  0.257  0.196 5.218  0.105 4.396  0.47735496 0.00000591  7000.02059  0.174  0.264 4.212  0.000   -  
OGLE-BLG-RRLYR-43275  16.039    -    0.39298753 0.00000097  7000.34728  0.257  0.250 5.298  0.048   -    0.52717588 0.00000376  7000.51471  0.145  0.234 3.919  0.000   -  
OGLE-BLG-RRLYR-43416  16.479    -    0.29353775 0.00000113  7000.12025  0.214  0.000   -    0.056   -    0.39925974 0.00000230  7000.33757  0.222  0.211 4.121  0.000   -  
OGLE-BLG-RRLYR-43506  15.567    -    0.44048912 0.00000102  7000.26436  0.228  0.176 5.296  0.105 3.987  0.59125167 0.00000602  7000.01447  0.094  0.097 4.474  0.000   -  
OGLE-BLG-RRLYR-43546  15.350    -    0.34936962 0.00000113  7000.09465  0.251  0.193 5.081  0.049 3.539  0.46971031 0.00000211  7000.43056  0.230  0.243 4.303  0.087 1.770
OGLE-BLG-RRLYR-44004  15.000    -    0.33422670 0.00000166  7000.32860  0.252  0.203 4.744  0.046 1.577  0.45066895 0.00000222  7000.13508  0.321  0.221 3.911  0.056 2.023
OGLE-BLG-RRLYR-44685  15.284    -    0.40034839 0.00000122  7000.24177  0.241  0.168 5.428  0.084 3.657  0.53618030 0.00000818  7000.22648  0.089  0.000   -    0.000   -  
OGLE-BLG-RRLYR-44853  17.138    -    0.27822884 0.00000130  7000.02939  0.202  0.000   -    0.000   -    0.37907246 0.00000223  7000.30273  0.194  0.243 4.211  0.000   -  
OGLE-BLG-RRLYR-45200  16.306    -    0.34261920 0.00000122  7000.29609  0.271  0.180 4.924  0.000   -    0.46120777 0.00000229  7000.30157  0.234  0.233 3.844  0.000   -  
OGLE-BLG-RRLYR-45656  16.103    -    0.33538157 0.00000201  7000.27170  0.216  0.134 5.262  0.000   -    0.45180378 0.00000297  7000.09025  0.266  0.279 3.722  0.175 1.686
OGLE-BLG-RRLYR-45896  17.306    -    0.35267123 0.00000290  7000.23623  0.250  0.157 5.276  0.118   -    0.47391909 0.00000544  7000.46524  0.174  0.279 3.729  0.000   -  
OGLE-BLG-RRLYR-46406  15.976    -    0.31998650 0.00000075  7000.08909  0.249  0.110 4.918  0.089 4.041  0.43253679 0.00000635  7000.39582  0.059  0.000   -    0.334 0.522
OGLE-BLG-RRLYR-46517  15.753    -    0.36504032 0.00000100  7000.00987  0.263  0.180 5.035  0.048 3.276  0.48990342 0.00000494  7000.12236  0.111  0.000   -    0.000   -  
OGLE-BLG-RRLYR-46570  17.599    -    0.41353050 0.00000494  7000.26803  0.238  0.165 5.622  0.000   -    0.55428016 0.00001662  7000.43602  0.100  0.000   -    0.000   -  
OGLE-BLG-RRLYR-46832  15.196    -    0.41563636 0.00000155  7000.11541  0.251  0.181 5.306  0.068 3.888  0.55720212 0.00000688  7000.29244  0.100  0.000   -    0.000   -  
OGLE-BLG-RRLYR-47302  16.276    -    0.36902058 0.00000128  7000.19191  0.275  0.190 5.091  0.053 4.218  0.49519631 0.00000413  7000.27462  0.169  0.163 4.451  0.000   -  
OGLE-BLG-RRLYR-47366  16.009    -    0.41839446 0.00000276  7000.28660  0.234  0.198 5.556  0.148 3.878  0.56096304 0.00001484  7000.48382  0.123  0.000   -    0.263 1.136
OGLE-BLG-RRLYR-47427  18.033    -    0.36205771 0.00000520  7000.24755  0.285  0.259 4.947  0.000   -    0.48614663 0.00002009  7000.02976  0.153  0.000   -    0.308   -  
OGLE-BLG-RRLYR-47537  16.245    -    0.39774243 0.00000137  7000.37707  0.253  0.199 5.161  0.080 4.197  0.53335633 0.00000527  7000.11758  0.147  0.205 4.498  0.094   -  
OGLE-BLG-RRLYR-47692  15.472    -    0.40683807 0.00000099  7000.35247  0.248  0.178 5.118  0.101 3.686  0.54513195 0.00000759  7000.16364  0.062  0.000   -    0.000   -  
OGLE-BLG-RRLYR-48620  17.346    -    0.35479285 0.00000428  7000.33089  0.230  0.160   -    0.000   -    0.47701591 0.00000673  7000.42813  0.233  0.256 4.059  0.000   -  
OGLE-BLG-RRLYR-49051  16.480    -    0.35447168 0.00000284  7000.18439  0.230  0.134 5.488  0.000   -    0.47643676 0.00000609  7000.14204  0.169  0.202 3.682  0.143 1.532
OGLE-BLG-RRLYR-49059  16.236    -    0.40893339 0.00000134  7000.23413  0.268  0.267 5.135  0.116 3.314  0.54795507 0.00000703  7000.48577  0.119  0.161 3.597  0.104   -  
OGLE-BLG-RRLYR-49259  17.612    -    0.40339398 0.00000269  7000.05753  0.256  0.134 5.314  0.000   -    0.54082261 0.00001090  7000.25009  0.112  0.000   -    0.000   -  
OGLE-BLG-RRLYR-49331  15.582    -    0.31525166 0.00000097  7000.18824  0.244  0.126 5.022  0.084 3.970  0.42648979 0.00001061  7000.07437  0.044  0.000   -    0.000   -  
OGLE-BLG-RRLYR-49353  17.151    -    0.40062490 0.00000366  7000.20832  0.263  0.212 5.274  0.108 3.681  0.53689957 0.00001443  7000.37647  0.135  0.000   -    0.000   -  
OGLE-BLG-RRLYR-49487  14.340    -    0.35353834 0.00000144  7000.16929  0.283  0.177 5.059  0.064 3.570  0.47517134 0.00000354  7000.16698  0.190  0.196 4.067  0.068 2.285
OGLE-BLG-RRLYR-49711  15.436    -    0.27784707 0.00000050  7000.23069  0.246  0.123 4.800  0.085 4.066  0.37855021 0.00000463  7000.17499  0.046  0.000   -    0.000   -  
OGLE-BLG-RRLYR-50146  15.514    -    0.35848067 0.00000114  7000.28733  0.254  0.153 5.064  0.062 3.181  0.48151914 0.00000349  7000.19621  0.196  0.214 4.016  0.000   -  
OGLE-BLG-RRLYR-50255  16.486    -    0.32071686 0.00000128  7000.13972  0.232  0.000   -    0.000   -    0.43335324 0.00000521  7000.30887  0.103  0.000   -    0.000   -  
OGLE-BLG-RRLYR-50289  17.064    -    0.41720410 0.00000317  7000.31462  0.219  0.154 5.510  0.123   -    0.55987895 0.00000784  7000.20394  0.149  0.000   -    0.000   -  
OGLE-BLG-RRLYR-50541  17.102    -    0.32640333 0.00000166  7000.01485  0.216  0.000   -    0.000   -    0.44103999 0.00000589  7000.07316  0.107  0.000   -    0.000   -  
OGLE-BLG-RRLYR-50576  16.701    -    0.30734893 0.00000120  7000.22506  0.236  0.146 5.264  0.111 3.851  0.41628895 0.00000495  7000.01005  0.102  0.000   -    0.169 3.469
OGLE-BLG-RRLYR-50613  16.651    -    0.34428656 0.00000184  7000.27218  0.256  0.192 5.104  0.000   -    0.46330445 0.00000330  7000.21956  0.216  0.193 4.084  0.000   -  
OGLE-BLG-RRLYR-50683  15.924    -    0.39469340 0.00000129  7000.29944  0.272  0.201 4.915  0.063 3.114  0.52869911 0.00000644  7000.39134  0.128  0.123 4.375  0.000   -  
OGLE-BLG-RRLYR-50693  17.804    -    0.35529049 0.00000285  7000.02469  0.288  0.204 5.183  0.000   -    0.47726884 0.00001055  7000.00630  0.130  0.000   -    0.000   -  
OGLE-BLG-RRLYR-50701  16.495    -    0.40221086 0.00000266  7000.30136  0.245  0.169 4.957  0.079 3.381  0.53869418 0.00001678  7000.30978  0.069  0.000   -    0.000   -  
OGLE-BLG-RRLYR-50746  16.244    -    0.28381113 0.00000187  7000.05930  0.232  0.200 5.725  0.061 1.761  0.38717820 0.00000278  7000.25003  0.284  0.265 4.262  0.000   -  
OGLE-BLG-RRLYR-50747  15.935    -    0.35671356 0.00000128  7000.00195  0.248  0.142 5.058  0.098 3.562  0.47934642 0.00000431  7000.10828  0.209  0.119 4.391  0.095 1.677
OGLE-BLG-RRLYR-50835  15.053    -    0.28499107 0.00000192  7000.00957  0.225  0.120 5.426  0.035   -    0.38817133 0.00000364  7000.20730  0.203  0.140 4.269  0.086 3.491
OGLE-BLG-RRLYR-50881  17.190    -    0.34576182 0.00000210  7000.24024  0.275  0.179 5.010  0.158 2.452  0.46518145 0.00000406  7000.26330  0.238  0.231 3.803  0.137 1.994
OGLE-BLG-RRLYR-51036  18.563    -    0.36114554 0.00000451  7000.23781  0.270  0.000   -    0.000   -    0.48538898 0.00001343  7000.43484  0.249  0.000   -    0.000   -  
OGLE-BLG-RRLYR-51172  16.465    -    0.38878611 0.00000237  7000.16553  0.273  0.145 4.878  0.065 3.013  0.52082920 0.00001311  7000.37235  0.086  0.000   -    0.000   -  
OGLE-BLG-RRLYR-51359  17.778    -    0.35145925 0.00001078  7000.32232  0.230  0.000   -    0.000   -    0.47258217 0.00002289  7000.37155  0.214  0.000   -    0.000   -  
OGLE-BLG-RRLYR-51428  15.692    -    0.38512252 0.00000772  7000.27177  0.204  0.074   -    0.095 6.031  0.51691057 0.00003769  7000.00659  0.087  0.000   -    0.000   -  
OGLE-BLG-RRLYR-51475  15.953    -    0.36642759 0.00000663  7000.31582  0.260  0.109 5.195  0.098 3.564  0.49238710 0.00003663  7000.14889  0.092  0.227 0.414  0.232 3.530
OGLE-BLG-RRLYR-51986  16.042    -    0.37615690 0.00000364  7000.27634  0.304  0.181 4.987  0.064 3.751  0.50522489 0.00001412  7000.46409  0.191  0.197 4.273  0.141 3.322
OGLE-BLG-RRLYR-52155  15.950    -    0.31840850 0.00000151  7000.16336  0.242  0.089 5.065  0.041   -    0.43065029 0.00000578  7000.20182  0.125  0.115 4.699  0.000   -  
OGLE-BLG-RRLYR-52246  14.772    -    0.35760800 0.00000461  7000.33623  0.262  0.236 4.998  0.052 3.910  0.48035934 0.00001322  7000.35329  0.195  0.187 4.326  0.000   -  
OGLE-BLG-RRLYR-52309  16.988    -    0.28075722 0.00000366  7000.09207  0.236  0.177 5.329  0.000   -    0.38279576 0.00000639  7000.07959  0.308  0.268 4.489  0.000   -  
OGLE-BLG-RRLYR-52617  15.111    -    0.35767592 0.00000142  7000.11613  0.230  0.157 4.848  0.072 3.495  0.48032846 0.00000773  7000.07228  0.077  0.103   -    0.000   -  
OGLE-BLG-RRLYR-52687  16.118    -    0.37374668 0.00000239  7000.05562  0.255  0.164 5.355  0.081 3.986  0.50098974 0.00001050  7000.17448  0.127  0.108 4.401  0.097   -  
OGLE-BLG-RRLYR-52970  15.480    -    0.35787222 0.00000240  7000.04167  0.251  0.157 4.972  0.062 3.511  0.48077797 0.00000686  7000.01696  0.168  0.146 3.952  0.000   -  
OGLE-BLG-RRLYR-53145  15.223    -    0.39991010 0.00000323  7000.28845  0.249  0.215 4.977  0.072 3.283  0.53576928 0.00001164  7000.24858  0.147  0.149 3.822  0.000   -  
OGLE-BLG-RRLYR-53164  17.167    -    0.38056799 0.00000636  7000.33615  0.280  0.241 5.190  0.103   -    0.51069970 0.00002164  7000.26156  0.167  0.187 4.055  0.000   -  
OGLE-BLG-RRLYR-53400  15.145    -    0.40702097 0.00000259  7000.11437  0.252  0.186 5.177  0.097 3.928  0.54562524 0.00001255  7000.15019  0.110  0.166 3.841  0.000   -  
OGLE-BLG-RRLYR-53429  17.800    -    0.35843649 0.00000670  7000.20998  0.267  0.000   -    0.000   -    0.48209967 0.00007053  7000.36834  0.045  0.000   -    0.000   -  
OGLE-BLG-RRLYR-53494  16.076    -    0.32492587 0.00000164  7000.12372  0.238  0.119 4.731  0.090 3.567  0.43931669 0.00000429  7000.09515  0.161  0.180 4.179  0.000   -  
OGLE-BLG-RRLYR-53573  15.046    -    0.42626783 0.00000181  7000.11889  0.246  0.181 5.350  0.073 3.876  0.57167833 0.00003396  7000.12616  0.026  0.000   -    0.000   -  
OGLE-BLG-RRLYR-53875  15.217    -    0.36685946 0.00000125  7000.07550  0.252  0.147 5.233  0.072 3.576  0.49226717 0.00000730  7000.40795  0.097  0.000   -    0.000   -  
OGLE-BLG-RRLYR-54007  16.008    -    0.28485155 0.00000144  7000.04038  0.231  0.108 5.153  0.000   -    0.38823860 0.00000408  7000.21937  0.137  0.125 4.222  0.000   -  
OGLE-BLG-RRLYR-54055  15.826    -    0.32838093 0.00000166  7000.18268  0.267  0.120 5.302  0.088 3.925  0.44364086 0.00000637  7000.28720  0.115  0.148 4.373  0.000   -  
OGLE-BLG-RRLYR-54225  13.526    -    0.40507287 0.00000247  7000.09751  0.259  0.193 5.160  0.095 3.501  0.54361986 0.00000731  7000.33616  0.177  0.144 4.242  0.026   -  
OGLE-BLG-RRLYR-54352  15.819    -    0.40673254 0.00000350  7000.19805  0.255  0.204 5.158  0.096 3.500  0.54519047 0.00001905  7000.22595  0.105  0.111 4.889  0.000   -  
OGLE-BLG-RRLYR-54381  16.991    -    0.36224604 0.00000471  7000.23484  0.269  0.080   -    0.000   -    0.48669119 0.00002613  7000.16955  0.095  0.000   -    0.000   -  
OGLE-BLG-RRLYR-54443  17.559    -    0.35835496 0.00000477  7000.16017  0.244  0.000   -    0.153 2.923  0.48127752 0.00002402  7000.08005  0.126  0.000   -    0.000   -  
OGLE-BLG-RRLYR-54796  15.015    -    0.31730230 0.00000102  7000.31652  0.245  0.100 4.942  0.080 4.200  0.42907057 0.00001236  7000.30655  0.046  0.000   -    0.233   -  
OGLE-BLG-RRLYR-54866  16.866    -    0.40096086 0.00000544  7000.32926  0.248  0.190 4.895  0.118 3.427  0.53726528 0.00002854  7000.11603  0.093  0.000   -    0.000   -  
OGLE-BLG-RRLYR-54908  14.719    -    0.35573760 0.00000096  7000.23679  0.265  0.137 5.067  0.074 3.803  0.47793597 0.00000689  7000.22145  0.090  0.092 4.238  0.059   -  
OGLE-BLG-RRLYR-54960  15.052    -    0.29665398 0.00000145  7000.12404  0.255  0.146 4.880  0.066 3.427  0.40279858 0.00000585  7000.36533  0.127  0.120 4.368  0.000   -  
OGLE-BLG-RRLYR-55231  17.010    -    0.34616841 0.00000505  7000.03676  0.242  0.173 5.176  0.000   -    0.46602005 0.00000780  7000.06076  0.264  0.272 4.121  0.000   -  
OGLE-BLG-RRLYR-55390  15.257    -    0.37012586 0.00000240  7000.08610  0.264  0.205 4.879  0.073 2.881  0.49681938 0.00000704  7000.16700  0.180  0.106 4.394  0.055   -  
OGLE-BLG-RRLYR-55458  17.288    -    0.36441094 0.00000587  7000.05361  0.241  0.181 5.088  0.000   -    0.48948317 0.00002925  7000.43965  0.096  0.000   -    0.000   -  
OGLE-BLG-RRLYR-56077  15.107    -    0.42201514 0.00000159  7000.22105  0.253  0.211 5.150  0.112 3.469  0.56581869 0.00001765  7000.41007  0.052  0.000   -    0.000   -  
OGLE-BLG-RRLYR-56338  17.487    -    0.41784629 0.00000769  7000.26469  0.227  0.177 5.794  0.000   -    0.56053733 0.00000456  7000.55741  0.204  0.000   -    0.221 1.260
OGLE-BLG-RRLYR-56483  14.502    -    0.37772641 0.00000213  7000.21095  0.282  0.209 5.040  0.096 3.615  0.50730939 0.00000541  7000.10556  0.220  0.230 4.068  0.000   -  
OGLE-BLG-RRLYR-56625  15.328    -    0.35454787 0.00000240  7000.20711  0.317  0.270 5.264  0.067 3.323  0.47684421 0.00000371  7000.18190  0.306  0.287 4.248  0.043 2.882
OGLE-BLG-RRLYR-56783  15.644    -    0.35380181 0.00000318  7000.14203  0.266  0.205 5.245  0.064 2.446  0.47593935 0.00000730  7000.25936  0.280  0.251 4.298  0.161 3.146
OGLE-BLG-RRLYR-56946  15.846    -    0.27185129 0.00000187  7000.14175  0.236  0.168 5.441  0.074 2.947  0.37094725 0.00000326  7000.05345  0.256  0.188 4.210  0.000   -  
OGLE-BLG-RRLYR-57378  14.902    -    0.36750226 0.00000176  7000.20146  0.244  0.149 5.216  0.055 3.712  0.49313790 0.00000571  7000.35584  0.148  0.152 4.073  0.000   -  
OGLE-BLG-RRLYR-57559  15.441 19.582  0.34305449 0.00000059  7000.13853  0.230  0.164 4.947  0.074 2.648  0.46155189 0.00000092  7000.17844  0.219  0.161 3.822  0.050 1.771
OGLE-BLG-RRLYR-57584  16.151    -    0.40783978 0.00000395  7000.01594  0.287  0.293 5.063  0.000   -    0.54691793 0.00001537  7000.21546  0.181  0.157 4.054  0.098   -  
OGLE-BLG-RRLYR-57617  15.191    -    0.39914820 0.00000242  7000.03240  0.262  0.163 4.984  0.103 3.382  0.53462119 0.00000932  7000.39738  0.092  0.000   -    0.000   -  
OGLE-BLG-RRLYR-57776  15.004    -    0.34652102 0.00000242  7000.09723  0.249  0.162 5.080  0.039 3.638  0.46605596 0.00000479  7000.07173  0.236  0.243 3.920  0.076 2.159
OGLE-BLG-RRLYR-57862  17.634    -    0.35339058 0.00000429  7000.28093  0.249  0.000   -    0.000   -    0.47497472 0.00001576  7000.06604  0.140  0.222   -    0.000   -  
OGLE-BLG-RRLYR-57953  18.181    -    0.38421532 0.00000937  7000.17614  0.256  0.000   -    0.000   -    0.51550627 0.00002246  7000.19503  0.187  0.000   -    0.000   -  
OGLE-BLG-RRLYR-58305  17.684    -    0.35473680 0.00000624  7000.24402  0.272  0.000   -    0.000   -    0.47718773 0.00003680  7000.34959  0.079  0.000   -    0.000   -  
OGLE-BLG-RRLYR-58635  16.632    -    0.35544222 0.00000323  7000.25708  0.255  0.095 5.122  0.000   -    0.47754528 0.00001470  7000.41014  0.088  0.000   -    0.000   -  
OGLE-BLG-RRLYR-58731  15.784    -    0.36943853 0.00000815  7000.32147  0.264  0.128 4.884  0.036   -    0.49563807 0.00004624  7000.33718  0.083  0.136   -    0.000   -  
OGLE-BLG-RRLYR-58743  16.491    -    0.35601110 0.00001046  7000.17595  0.267  0.166 5.027  0.102 3.219  0.47841786 0.00002942  7000.09776  0.137  0.000   -    0.000   -  
OGLE-BLG-RRLYR-59608  18.004    -    0.35318945 0.00000879  7000.02771  0.269  0.249 5.123  0.000   -    0.47519181 0.00001320  7000.20750  0.273  0.223 4.115  0.000   -  
OGLE-BLG-RRLYR-59751  14.492    -    0.40837573 0.00000889  7000.10099  0.259  0.182 5.079  0.084 3.331  0.54704199 0.00004483  7000.22595  0.095  0.000   -    0.115 3.894
OGLE-BLG-RRLYR-59945  15.831    -    0.26580839 0.00000201  7000.06844  0.208  0.160 5.209  0.000   -    0.36616452 0.00000399  7000.22051  0.158  0.177 4.198  0.000   -  
OGLE-BLG-RRLYR-60119  17.812    -    0.35213005 0.00000810  7000.03984  0.306  0.270 4.729  0.000   -    0.47366670 0.00001663  7000.21252  0.239  0.230 3.729  0.000   -  
OGLE-BLG-RRLYR-60385  13.328    -    0.38718142 0.00000121  7000.09909  0.257  0.164 5.010  0.084 3.446  0.51870537 0.00001540  7000.02967  0.049  0.141 2.290  0.105   -  
OGLE-BLG-RRLYR-60516  14.997    -    0.36160176 0.00000905  7000.22952  0.263  0.200 5.084  0.033   -    0.48551793 0.00002398  7000.06503  0.195  0.153 4.044  0.000   -  
OGLE-BLG-RRLYR-60536  17.912    -    0.34662112 0.00000621  7000.25721  0.280  0.236 5.581  0.000   -    0.46646138 0.00001171  7000.39377  0.230  0.218 4.163  0.000   -  
OGLE-BLG-RRLYR-60753  14.929    -    0.35409250 0.00000128  7000.27378  0.279  0.138 4.898  0.076 4.025  0.47561134 0.00002018  7000.08453  0.033  0.000   -    0.000   -  
OGLE-BLG-RRLYR-60760  15.345    -    0.31637844 0.00000142  7000.26344  0.256  0.106 4.935  0.081 3.874  0.42791182 0.00000766  7000.34775  0.102  0.237 4.427  0.130 0.768
OGLE-BLG-RRLYR-60958  17.727    -    0.40564747 0.00000797  7000.16413  0.264  0.261 5.435  0.000   -    0.54384368 0.00003415  7000.33883  0.125  0.000   -    0.000   -  
OGLE-BLG-RRLYR-60976  18.020    -    0.36531794 0.00001176  7000.19886  0.250  0.286 5.492  0.000   -    0.49084662 0.00001942  7000.00898  0.218  0.000   -    0.000   -  
OGLE-BLG-RRLYR-61138  16.407    -    0.37286463 0.00000340  7000.08423  0.268  0.201 5.179  0.000   -    0.50037420 0.00001330  7000.27676  0.184  0.183 4.202  0.000   -  
OGLE-BLG-RRLYR-61272  17.076    -    0.35427693 0.00000404  7000.00061  0.250  0.192 5.214  0.000   -    0.47587048 0.00001495  7000.26032  0.149  0.000   -    0.000   -  
OGLE-BLG-RRLYR-61392  14.666    -    0.36726410 0.00000200  7000.08682  0.234  0.189 5.308  0.066 3.837  0.49337976 0.00000530  7000.38362  0.167  0.189 4.172  0.075 3.278
OGLE-BLG-RRLYR-61565  17.969    -    0.41112593 0.00005645  7000.23613  0.234  0.000   -    0.000   -    0.55171959 0.00015796  7000.34131  0.168  0.000   -    0.000   -  
OGLE-BLG-RRLYR-61685  18.301    -    0.38140492 0.00000711  7000.14437  0.334  0.291 5.288  0.292 2.872  0.51215272 0.00003404  7000.26381  0.182  0.000   -    0.000   -  
OGLE-BLG-RRLYR-61708  16.475    -    0.41041906 0.00000693  7000.08728  0.274  0.282 5.211  0.000   -    0.55032309 0.00001162  7000.22557  0.164  0.274 4.126  0.203 5.412
OGLE-BLG-RRLYR-62050  16.408    -    0.35528833 0.00000104  7000.20814  0.234  0.153 4.907  0.079 2.806  0.47737458 0.00000259  7000.11097  0.223  0.204 4.581  0.000   -  
OGLE-BLG-RRLYR-62173  18.109    -    0.35115391 0.00001051  7000.20015  0.242  0.243   -    0.000   -    0.47199641 0.00003137  7000.37404  0.128  0.000   -    0.000   -  
OGLE-BLG-RRLYR-62194  16.328    -    0.35175276 0.00001089  7000.01427  0.250  0.177 5.200  0.086 3.237  0.47287552 0.00004164  7000.14847  0.116  0.146 3.329  0.000   -  
OGLE-BLG-RRLYR-62306  14.967    -    0.32815833 0.00000275  7000.12174  0.251  0.075 5.492  0.061 4.476  0.44327101 0.00000728  7000.22419  0.135  0.077 4.112  0.080 1.499
OGLE-BLG-RRLYR-62334  14.733    -    0.40679188 0.00000209  7000.15798  0.249  0.193 5.118  0.082 3.436  0.54524555 0.00001526  7000.47326  0.065  0.000   -    0.000   -  
OGLE-BLG-RRLYR-62378  17.513    -    0.44956063 0.00001245  7000.18503  0.224  0.186 4.991  0.000   -    0.60400316 0.00004508  7000.47339  0.095  0.000   -    0.000   -  
OGLE-BLG-RRLYR-62616  16.469    -    0.35883807 0.00000258  7000.30376  0.280  0.141 5.320  0.000   -    0.48207101 0.00000862  7000.37200  0.144  0.176 3.883  0.000   -  
OGLE-BLG-RRLYR-62639  12.604 16.000  0.42382811 0.00000171  7000.13994  0.240  0.151 5.482  0.095 4.071  0.56843724 0.00001494  7000.02917  0.063  0.101 4.601  0.000   -  
OGLE-BLG-RRLYR-62717  15.052    -    0.36209376 0.00000206  7000.15582  0.256  0.157 4.929  0.054 3.634  0.48553318 0.00001215  7000.35990  0.083  0.000   -    0.127 3.289
OGLE-BLG-RRLYR-62721  16.780    -    0.39333103 0.00000708  7000.29640  0.163  0.140   -    0.000   -    0.52889846 0.00002489  7000.30269  0.077  0.000   -    0.000   -  
OGLE-BLG-RRLYR-62815  16.363    -    0.32242175 0.00000087  7000.14735  0.238  0.131 5.497  0.000   -    0.43561970 0.00000279  7000.15302  0.139  0.238 4.249  0.000   -  
OGLE-BLG-RRLYR-62986  16.826    -    0.35438385 0.00000528  7000.20368  0.239  0.172 4.804  0.000   -    0.47629136 0.00000886  7000.42729  0.193  0.216 3.901  0.000   -  
OGLE-BLG-RRLYR-63109  18.223    -    0.34999790 0.00000233  7000.31835  0.254  0.000   -    0.000   -    0.47062114 0.00000732  7000.29077  0.201  0.351 4.745  0.000   -  
OGLE-BLG-RRLYR-63246  15.324    -    0.40579119 0.00000092  7000.35076  0.258  0.172 4.985  0.089 3.681  0.54415891 0.00000449  7000.44207  0.106  0.131 4.064  0.000   -  
OGLE-BLG-RRLYR-63404  16.184    -    0.39708457 0.00000207  7000.38581  0.258  0.087   -    0.000   -    0.53208856 0.00000645  7000.49897  0.119  0.343 4.089  0.000   -  
OGLE-BLG-RRLYR-63552  15.907    -    0.34606467 0.00000091  7000.20640  0.230  0.143 5.382  0.000   -    0.46548649 0.00000189  7000.10238  0.213  0.197 4.054  0.000   -  
OGLE-BLG-RRLYR-63660  15.828    -    0.33099104 0.00000047  7000.17178  0.271  0.070 5.169  0.113 4.506  0.44727703 0.00000794  7000.40827  0.027  0.000   -    0.000   -  
OGLE-BLG-RRLYR-63769  14.959    -    0.31664492 0.00000531  7000.20198  0.247  0.122 4.889  0.076 4.167  0.42812862 0.00002552  7000.36179  0.107  0.090 4.183  0.000   -  
OGLE-BLG-RRLYR-63878  16.923    -    0.34599972 0.00000131  7000.30117  0.258  0.139 4.897  0.000   -    0.46530777 0.00000294  7000.13334  0.164  0.228 4.493  0.000   -  
OGLE-BLG-RRLYR-64323  17.631    -    0.34658759 0.00000676  7000.25142  0.259  0.167 5.559  0.000   -    0.46638914 0.00001023  7000.04187  0.297  0.272 4.240  0.000   -  
OGLE-BLG-RRLYR-64437  16.348    -    0.39670416 0.00000129  7000.03281  0.241  0.143 5.246  0.000   -    0.53220455 0.00000438  7000.24901  0.136  0.148 5.048  0.000   -  
OGLE-BLG-RRLYR-64635  16.835    -    0.29633535 0.00000085  7000.01176  0.215  0.143 5.036  0.097 3.278  0.40252743 0.00000178  7000.11344  0.197  0.115   -    0.000   -  
OGLE-BLG-RRLYR-64650  15.959    -    0.40428363 0.00000137  7000.00024  0.265  0.242 5.097  0.070 3.388  0.54274564 0.00000582  7000.46446  0.178  0.143 4.094  0.107 1.128
OGLE-BLG-RRLYR-64705  17.671    -    0.40371052 0.00000831  7000.36269  0.258  0.192 5.413  0.000   -    0.54120511 0.00001923  7000.34350  0.169  0.000   -    0.000   -  
OGLE-BLG-RRLYR-64714  12.003    -    0.34247282 0.00000361  7000.30166  0.268  0.162 5.033  0.077 1.964  0.46125561 0.00000380  7000.38825  0.305  0.217 3.919  0.045 2.923
OGLE-BLG-RRLYR-64984  17.296    -    0.34912182 0.00000676  7000.06294  0.254  0.194 4.562  0.000   -    0.46977379 0.00001685  7000.44044  0.211  0.232 4.213  0.000   -  
OGLE-BLG-RRLYR-65018  15.216    -    0.31713776 0.00000070  7000.28898  0.243  0.110 4.963  0.051 3.823  0.42853922 0.00000288  7000.26491  0.101  0.141 4.041  0.116 3.381
OGLE-BLG-RRLYR-65039  15.811    -    0.41190667 0.00000104  7000.32672  0.265  0.224 5.170  0.080 3.265  0.55240550 0.00000291  7000.29431  0.160  0.169 4.438  0.101 1.632
OGLE-BLG-RRLYR-65092  17.605    -    0.35794712 0.00000473  7000.14827  0.281  0.160 4.969  0.154 4.719  0.48078341 0.00002773  7000.18711  0.081  0.000   -    0.000   -  
OGLE-BLG-RRLYR-65251  15.574    -    0.34989405 0.00000085  7000.04145  0.251  0.169 5.300  0.070 3.402  0.47064494 0.00000166  7000.25357  0.225  0.182 4.177  0.111 2.054
OGLE-BLG-RRLYR-65261  17.609    -    0.35650996 0.00000449  7000.21575  0.283  0.207 5.119  0.000   -    0.47937729 0.00001002  7000.04215  0.205  0.240 4.438  0.000   -  
OGLE-BLG-RRLYR-65675  17.501    -    0.35691008 0.00000613  7000.31297  0.286  0.142 4.907  0.000   -    0.47854571 0.00005269  7000.05087  0.065  0.000   -    0.000   -  
OGLE-BLG-RRLYR-65737  15.662    -    0.35850972 0.00000556  7000.05753  0.256  0.189 4.854  0.000   -    0.48236146 0.00000790  7000.11973  0.290  0.253 4.116  0.143 3.325
OGLE-BLG-RRLYR-66065  16.644    -    0.35826259 0.00000233  7000.15883  0.252  0.162 4.985  0.072 3.499  0.48104321 0.00001441  7000.16945  0.095  0.000   -    0.000   -  
OGLE-BLG-RRLYR-66273  17.500    -    0.34551932 0.00000884  7000.21462  0.241  0.165   -    0.000   -    0.46512591 0.00001150  7000.09181  0.284  0.178 4.139  0.000   -  
OGLE-BLG-RRLYR-66441  17.448    -    0.36255443 0.00000285  7000.31340  0.255  0.171 4.795  0.107 3.920  0.48667294 0.00001608  7000.38765  0.087  0.000   -    0.000   -  
OGLE-BLG-RRLYR-66497  17.714    -    0.35267033 0.00000720  7000.18619  0.257  0.000   -    0.000   -    0.47402278 0.00001787  7000.27009  0.183  0.000   -    0.000   -  
OGLE-BLG-RRLYR-66500  17.539    -    0.35890272 0.00000785  7000.19199  0.233  0.000   -    0.000   -    0.48195958 0.00003336  7000.40641  0.098  0.000   -    0.000   -  
OGLE-BLG-RRLYR-66611  17.600    -    0.35228524 0.00000708  7000.02731  0.282  0.233 5.249  0.000   -    0.47354290 0.00001359  7000.43173  0.208  0.275 3.694  0.000   -  
OGLE-BLG-RRLYR-66653  17.630    -    0.34106588 0.00000763  7000.10750  0.268  0.169 4.988  0.000   -    0.45934221 0.00001849  7000.11321  0.219  0.155 4.350  0.000   -  
OGLE-BLG-RRLYR-66722  17.626    -    0.34317396 0.00000808  7000.29883  0.264  0.213   -    0.000   -    0.46210370 0.00001026  7000.09507  0.255  0.335 3.976  0.000   -  
OGLE-BLG-RRLYR-66740  17.563    -    0.38970422 0.00000723  7000.15673  0.260  0.174 4.920  0.000   -    0.52254267 0.00002324  7000.31164  0.149  0.000   -    0.000   -  
OGLE-BLG-RRLYR-66861  15.035    -    0.43118464 0.00000181  7000.11551  0.231  0.199 5.346  0.069 3.841  0.57820230 0.00001152  7000.06335  0.072  0.000   -    0.000   -  
OGLE-BLG-RRLYR-67196  17.215    -    0.45845224 0.00000451  7000.06842  0.237  0.153 5.203  0.132 4.084  0.61574317 0.00001429  7000.30605  0.120  0.256 4.076  0.280 1.602
OGLE-BLG-RRLYR-67204  14.714    -    0.40327007 0.00000196  7000.22281  0.263  0.172 5.235  0.091 3.428  0.54046946 0.00001402  7000.37692  0.070  0.116 4.079  0.127   -  
OGLE-BLG-RRLYR-67253  14.831    -    0.36600265 0.00000155  7000.31121  0.257  0.120 5.046  0.080 3.935  0.49194708 0.00001693  7000.12338  0.045  0.000   -    0.000   -  
OGLE-BLG-RRLYR-67256  15.857    -    0.36649122 0.00000244  7000.02678  0.238  0.137 5.127  0.055 3.526  0.49233417 0.00000915  7000.23187  0.139  0.142 5.121  0.000   -  
OGLE-BLG-RRLYR-67415  16.035    -    0.34834029 0.00000246  7000.19981  0.265  0.166 5.024  0.094 3.160  0.46837808 0.00000499  7000.44122  0.180  0.186 4.007  0.080 2.936
OGLE-BLG-RRLYR-67766  15.422    -    0.34599788 0.00000137  7000.17117  0.234  0.119 5.034  0.097 3.363  0.46558113 0.00000367  7000.34122  0.159  0.124 4.067  0.000   -  
OGLE-BLG-RRLYR-67785  16.379    -    0.34174827 0.00000166  7000.08286  0.255  0.190 5.152  0.000   -    0.46002413 0.00000407  7000.04273  0.235  0.183 4.142  0.091 3.453
OGLE-BLG-RRLYR-67817  17.115    -    0.35393132 0.00000459  7000.04077  0.282  0.228 5.064  0.000   -    0.47596381 0.00000681  7000.42056  0.202  0.211 4.049  0.242 3.234
OGLE-BLG-RRLYR-67837  17.727    -    0.35138145 0.00000427  7000.17781  0.268  0.182 4.883  0.000   -    0.47249586 0.00000897  7000.19039  0.210  0.304 4.022  0.000   -  
OGLE-BLG-RRLYR-67863  14.533    -    0.33052761 0.00000070  7000.29045  0.278  0.119 4.852  0.054 4.292  0.44649299 0.00000874  7000.31631  0.042  0.000   -    0.000   -  
OGLE-BLG-RRLYR-67864  16.809    -    0.35832983 0.00000224  7000.21962  0.236  0.138 5.153  0.084   -    0.48143511 0.00001145  7000.20055  0.095  0.000   -    0.000   -  
OGLE-BLG-RRLYR-67886  17.166    -    0.34611056 0.00000334  7000.17084  0.254  0.000   -    0.000   -    0.46584971 0.00001079  7000.28741  0.129  0.306 3.574  0.244 4.245
OGLE-BLG-RRLYR-67957  18.378    -    0.35706081 0.00000716  7000.22436  0.216  0.000   -    0.000   -    0.47958488 0.00001146  7000.34149  0.121  0.000   -    0.000   -  
OGLE-BLG-RRLYR-68090  15.432    -    0.35588244 0.00000145  7000.10690  0.259  0.150 5.233  0.082 3.756  0.47802399 0.00000504  7000.14380  0.138  0.091 3.840  0.000   -  
OGLE-BLG-RRLYR-68105  17.049    -    0.40053041 0.00000311  7000.39435  0.258  0.223 4.961  0.000   -    0.53621088 0.00001979  7000.07987  0.078  0.000   -    0.000   -  
