0.00000000E+00
4.64107108E-01
3.44417832E-42
1.15060157E-15
7.90873908E-01
9.77202564E-01
9.68994627E-01
9.62080792E-01
9.67018565E-01
9.83430314E-01
2.50860672E-22
9.30957832E-01
0.00000000E+00
1.46215416E-04
7.52833713E-01
9.78509720E-01
9.66982328E-01
9.80426517E-01
9.79856351E-01
8.16022928E-01
7.36905701E-01
7.54205012E-01
8.84464401E-01
9.65666192E-01
9.74754111E-01
9.35880620E-01
9.48395120E-01
4.56242652E-01
9.80620522E-01
1.03567075E-02
9.78126599E-01
8.97894435E-01
9.47531834E-01
8.96832851E-01
9.82166491E-01
9.81242600E-01
9.74170049E-01
0.00000000E+00
9.72227080E-01
8.38348929E-01
7.23484125E-02
1.89533920E-02
0.00000000E+00
1.94857565E-12
9.80908743E-01
9.73474344E-01
8.29701310E-01
5.73244360E-01
0.00000000E+00
4.17840298E-09
6.44114838E-01
0.00000000E+00
0.00000000E+00
9.71920728E-01
4.58006206E-02
8.51341026E-01
1.94555423E-05
2.07106269E-04
9.39111157E-01
9.78803175E-01
1.46653397E-02
9.15874018E-01
8.46902314E-05
0.00000000E+00
5.84183887E-01
9.54659716E-02
9.58460292E-01
9.43885940E-01
5.64114054E-02
0.00000000E+00
4.06579411E-01
0.00000000E+00
0.00000000E+00
6.36651787E-07
0.00000000E+00
9.83459344E-01
0.00000000E+00
9.82330400E-01
9.43762966E-01
1.18164876E-03
3.69525847E-02
0.00000000E+00
0.00000000E+00
2.47876194E-03
0.00000000E+00
0.00000000E+00
6.48564248E-02
1.70710923E-01
1.11064739E-02
0.00000000E+00
0.00000000E+00
0.00000000E+00
6.47740056E-11
9.61546941E-01
0.00000000E+00
7.10834040E-05
2.94453491E-01
0.00000000E+00
9.66835107E-01
0.00000000E+00
0.00000000E+00
0.00000000E+00
0.00000000E+00
0.00000000E+00
0.00000000E+00
0.00000000E+00
8.92843166E-01
0.00000000E+00
0.00000000E+00
0.00000000E+00
0.00000000E+00
7.15564916E-06
0.00000000E+00
0.00000000E+00
0.00000000E+00
3.88268368E-05
5.48572889E-01
5.21251856E-01
0.00000000E+00
0.00000000E+00
0.00000000E+00
0.00000000E+00
0.00000000E+00
0.00000000E+00
4.53998911E-06
0.00000000E+00
0.00000000E+00
9.48052231E-01
0.00000000E+00
4.83399857E-07
1.13421102E-03
0.00000000E+00
0.00000000E+00
0.00000000E+00
8.43400637E-01
9.76241147E-01
6.17951073E-01
9.82695938E-01
1.69937081E-10
1.80378806E-11
9.73771410E-01
3.00534791E-01
5.17654126E-02
0.00000000E+00
1.39229919E-08
6.14856838E-01
0.00000000E+00
0.00000000E+00
0.00000000E+00
0.00000000E+00
1.52889057E-02
9.48820112E-01
9.81381659E-01
0.00000000E+00
0.00000000E+00
2.28901358E-07
9.77478867E-01
6.73575808E-01
0.00000000E+00
9.71698154E-01
9.60248309E-01
7.27399872E-07
9.43144629E-04
9.81233120E-01
0.00000000E+00
1.92314965E-01
1.01646344E-13
9.72430420E-01
9.55607703E-01
9.23835682E-01
9.52944423E-01
2.87610774E-01
9.74753843E-01
1.43162034E-01
9.79823457E-01
2.38072167E-01
9.43877527E-01
9.62752034E-01
9.75918857E-01
9.63728934E-01
4.84674972E-03
9.59640316E-01
9.82473283E-01
9.71342036E-01
9.70033627E-01
2.85729524E-01
9.80841931E-01
9.78013992E-01
6.57037483E-03
9.28452639E-01
1.04285130E-07
9.78310213E-01
9.36635721E-01
9.73901448E-01
9.83776075E-01
9.68226523E-01
9.75022683E-01
9.28049615E-01
9.41651166E-01
9.77386175E-01
9.82843969E-01
9.83857347E-01
9.01441334E-01
9.14327814E-09
9.62689842E-01
9.81360738E-01
9.78754904E-01
1.38450899E-27
9.77897280E-01
9.83078296E-01
9.78045216E-01
9.81318514E-01
0.00000000E+00
1.06658976E-11
8.60574266E-17
9.76310539E-01
1.10893168E-15
0.00000000E+00
1.42647867E-19
3.83126514E-06
1.98403685E-07
0.00000000E+00
3.96744052E-02
0.00000000E+00
1.76686527E-05
3.97158285E-10
0.00000000E+00
6.58604474E-01
6.84219716E-03
0.00000000E+00
