# RA            DEC           ID_C   ID_OGLE                I        V        P_1         dP_1     A_1     Period   <mag>    ampl    C   Type   ID_OTHER        RA_ICRS           e_RA      DE_ICRS           e_DE      Source                Plx          e_Plx     pmRA        e_pmRA   pmDE        e_pmDE   Gmag      e_Gmag   BPmag     e_BP     RPmag     e_RP     BP-RP     Dup   NgAL   chi2AL      E(BR/RP)   Membership      
  17:00:17.09   -30:08:22.6   70     OGLE-BLG-RRLYR-41565   14.768   -99.99   0.545398    6.0E-7   0.562   0.5455   --       --      P   RRab   OU-Oph          255.07120510849   0.1487    -30.13963425812   0.0966    6029414040908612096   0.1385       0.171     -7.58       0.277    -8.917      0.172    15.6081   0.0108   16.0706   0.0378   14.8302   0.0243   1.2404    0     307    2954.57     1.351      0.0             
  17:00:18.83   -30:11:14.3   ""     OGLE-BLG-RRLYR-41573   15.756   -99.99   0.2918627   6.0E-7   0.292   ""       ""       ""      ""  RRc    -99.99          255.07848734202   0.0798    -30.18732261598   0.054     6029366899347248512   0.1761       0.0877    -6.183      0.143    -2.268      0.09     16.5156   0.0074   16.9612   0.0283   15.8681   0.0257   1.0931    0     337    321.6       1.26       0.464107108     
  17:00:32.47   -30:10:08.2   ""     OGLE-BLG-RRLYR-41627   15.066   -99.99   0.7254308   1.0E-6   0.57    ""       ""       ""      ""  RRab   -99.99          255.13527974076   0.0585    -30.16896225388   0.0385    6029366796268159744   0.1981       0.0645    1.257       0.105    -5.679      0.066    15.9351   0.013    16.5021   0.0495   15.1876   0.0333   1.3145    0     320    269.67      1.283      3.44417832E-42  
  17:00:34.78   -30:15:01.6   ""     OGLE-BLG-RRLYR-41640   17.084   -99.99   0.3169382   1.1E-6   0.251   ""       ""       ""      ""  RRc    -99.99          255.14491757032   0.1802    -30.25046420068   0.1138    6029365524978178176   -0.0446      0.1883    0.086       0.312    -3.304      0.194    17.8013   0.0068   18.2287   0.0413   17.1404   0.0231   1.0883    0     306    315.59      1.278      1.15060157E-15  
  17:00:37.66   -30:04:46.8   11     OGLE-BLG-RRLYR-41661   14.816   -99.99   0.5987854   6.0E-7   0.465   0.5982   15.921   0.749   V   RRab   NGC6266-V11     255.15693829094   0.0709    -30.07966522668   0.0485    6029369171505228672   0.6082       0.0786    -5.596      0.142    -2.159      0.087    15.6246   0.0101   16.1037   0.0377   14.9405   0.0236   1.1632    0     297    577.69      1.271      0.790873908     
  17:00:37.94   -30:04:15.6   10     OGLE-BLG-RRLYR-41662   14.897   -99.99   0.5324835   3.0E-7   0.788   0.5326   15.948   1.208   V   RRab   NGC6266-V10     255.1581081108    0.0546    -30.07100597009   0.0361    6029416141251872896   0.0567       0.0567    -4.832      0.104    -3.283      0.063    15.7085   0.0149   16.1784   0.0543   15.0305   0.0345   1.1479    0     310    323.69      1.271      0.977202564     
  17:00:46.03   -30:11:12.6   112    OGLE-BLG-RRLYR-41684   15.196   -99.99   0.5028083   4.0E-7   0.844   0.503    --       --      V   RRab   NGC6266-NV112   255.19177959157   0.0733    -30.18685648845   0.0479    6029366182207329792   0.1115       0.0727    -4.445      0.123    -2.99       0.079    16.1891   0.0135   16.8039   0.0506   15.4399   0.0349   1.364     0     320    277.25      1.266      0.968994627     
  17:00:48.52   -30:06:35.1   66     OGLE-BLG-RRLYR-41695   15.04    -99.99   0.3328025   6.0E-7   0.269   0.3338   16.011   0.420   V   RRc    NGC6266-V66     255.20218440478   0.0663    -30.10976420193   0.0432    6029368857852851200   -0.1159      0.0721    -5.01       0.12     -2.444      0.073    15.7385   0.0076   16.1529   0.0288   15.1227   0.0179   1.0301    0     282    280.85      1.252      0.962080792     
  17:00:51.05   -30:07:26.7   135    OGLE-BLG-RRLYR-41706   15.038   -99.99   0.5923421   7.0E-7   0.433   0.593    16.263   0.698   V   RRab   NGC6266-NV135   255.21269363323   0.0635    -30.12410399805   0.0424    6029368106353253120   0.0916       0.0728    -5.002      0.112    -2.489      0.074    15.9185   0.0095   16.4618   0.0369   15.1429   0.0252   1.3189    0     270    240.4       1.315      0.967018565     
  17:00:53.45   -30:08:18.0   122    OGLE-BLG-RRLYR-41715   15.199   -99.99   0.304549    5.0E-7   0.26    0.373    --       --      V   RRc    NGC6266-NV123   255.22271763545   0.07      -30.13834256055   0.047     6029368033225472256   0.098        0.0759    -5.105      0.126    -2.919      0.08     15.9255   0.0077   16.2519   0.0176   15.1876   0.0152   1.0643    0     263    318.52      1.383      0.983430314     
  17:00:58.91   -30:11:53.3   26     OGLE-BLG-RRLYR-41737   12.493   -99.99   0.371898    1.5E-6   0.734   0.3717   13.547   1.210   V   RRab   NGC6266-V26     255.24546189699   0.0388    -30.19814538387   0.0271    6029363222855169408   0.6273       0.04      -0.984      0.069    -0.432      0.046    13.2864   0.0163   13.822    0.0643   12.5681   0.0389   1.2539    0     300    225.82      1.273      2.50860672E-22  
  17:00:58.93   -30:08:36.1   72     OGLE-BLG-RRLYR-41738   15.217   -99.99   0.4675094   3.0E-6   0.652   0.468    16.286   1.053   V   RRab   NGC6266-V72     255.24556409864   0.0613    -30.143375994     0.0405    6029367758341022720   0.2541       0.0725    -5.344      0.11     -2.334      0.069    15.9979   0.0143   16.443    0.0536   15.2511   0.0332   1.1919    0     311    305.46      1.334      0.930957832     
  17:01:00.21   -30:04:48.0   222    OGLE-BLG-RRLYR-41742   15.1     -99.99   0.4602989   5.1E-6   0.676   0.46     --       --      V   RRab   NGC6266-V5      255.25088542547   0.7344    -30.0800296052    0.5041    6029368651701038976   -0.8912      0.9461    -23.548     1.285    8.568       0.86     15.5248   0.0271   15.5822   0.0531   14.2841   0.0259   1.298     0     163    27007.11    2.031      0.0             
  17:01:00.89   -30:19:21.3   54     OGLE-BLG-RRLYR-41746   15.666   -99.99   0.390853    3.8E-6   0.254   0.3859   --       --      -   RRc    NGC6266-V54     255.25368527819   0.0792    -30.32260059726   0.0526    6029361165658101248   0.1641       0.0864    -3.266      0.141    -4.509      0.088    16.3721   0.0078   16.7296   0.029    15.7596   0.0219   0.9699    0     273    261.86      1.276      1.46215416E-4   
  17:01:02.85   -30:06:01.3   42     OGLE-BLG-RRLYR-41754   15.178   -99.99   0.2470214   6.0E-7   0.225   0.2469   16.085   0.351   V   RRc    NGC6266-V42     255.26187566291   0.0848    -30.10040236803   0.0492    6029368548621571328   -0.0684      0.0933    -3.979      0.137    -3.508      0.084    15.8847   0.0052   16.1899   0.0183   15.1847   0.0112   1.0051    0     296    455.21      1.365      0.752833713     
  17:01:03.37   -30:11:17.5   111    OGLE-BLG-RRLYR-41758   14.855   -99.99   0.4723981   2.6E-6   0.418   0.2494   16.317   0.311   V   RRab   NGC6266-V64     255.26402875605   0.181     -30.18820116481   0.1215    6029364494172445824   0.5415       0.1887    -4.956      0.348    -2.938      0.215    15.8409   0.0082   16.4139   0.0376   14.9698   0.0268   1.4442    0     330    5088.52     1.383      0.97850972      
  17:01:03.43   -30:06:05.9   40     OGLE-BLG-RRLYR-41759   15.11    -99.99   0.3012364   5.0E-7   0.282   0.3012   16.124   0.531   V   RRc    NGC6266-V40     255.26429749973   0.0743    -30.10166187775   0.0422    6029368346769731712   0.0294       0.0786    -4.819      0.121    -3.439      0.073    15.8656   0.0075   16.2302   0.0257   15.1202   0.0159   1.11      0     311    238.78      1.37       0.966982328     
  17:01:03.53   -30:05:52.5   39     OGLE-BLG-RRLYR-41760   14.868   -99.99   0.6400459   1.5E-6   0.309   0.6401   16.065   0.479   V   RRab   NGC6266-V39     255.26468657897   0.0704    -30.09794451942   0.0394    6029368548621829632   -0.0747      0.0757    -4.834      0.11     -2.772      0.068    15.7197   0.0063   16.2127   0.023    14.9455   0.0152   1.2672    0     328    389.45      1.335      0.980426517     
  17:01:03.69   -30:05:24.0   221    OGLE-BLG-RRLYR-41761   15.063   -99.99   0.3299325   5.0E-7   0.268   0.33     16.085   0.425   V   RRc    NGC6266-NV221   255.26538118657   0.0756    -30.09002778986   0.0436    6029368587287993344   0.0516       0.0876    -4.751      0.124    -2.821      0.075    15.8222   0.0066   16.1864   0.0227   15.0801   0.0147   1.1063    0     338    493.13      1.368      0.979856351     
  17:01:03.72   -30:06:10.6   41     OGLE-BLG-RRLYR-41762   14.933   -99.99   0.5590367   6.0E-7   0.473   0.559    16.112   0.801   V   RRab   NGC6266-V41     255.26549782268   0.0785    -30.1029864205    0.0476    6029368346769708672   -0.0526      0.0897    -4.001      0.128    -2.518      0.082    15.82     0.0102   16.1709   0.0377   14.8328   0.0248   1.3381    0     311    441.05      1.588      0.816022928     
  17:01:03.83   -30:07:05.1   153    OGLE-BLG-RRLYR-41763   15.096   -99.99   0.312904    5.0E-7   0.255   0.3129   16.109   0.462   V   RRc    NGC6266-NV153   255.26596607125   0.0813    -30.11809809366   0.0473    6029367964506023168   0.0517       0.0907    -4.497      0.13     -2.049      0.079    15.8577   0.007    16.2107   0.0242   15.0891   0.0149   1.1216    0     277    365.8       1.394      0.736905701     
  17:01:04.17   -30:06:27.6   35     OGLE-BLG-RRLYR-41766   15.004   -99.99   0.529281    3.0E-7   0.6     0.5292   16.153   0.975   V   RRab   NGC6266-V35     255.26734693971   0.1157    -30.10770337293   0.0675    6029368342463146240   0.4611       0.1263    -6.197      0.184    -2.59       0.115    15.8453   0.0115   16.2219   0.0412   14.9958   0.0227   1.2261    0     334    966.25      1.45       0.754205012     
  17:01:04.34   -30:05:13.2   81     OGLE-BLG-RRLYR-41767   14.951   -99.99   0.5309635   4.0E-7   0.644   0.5309   16.078   1.042   V   RRab   NGC6266-V81     255.26806805597   0.0914    -30.08702748594   0.0519    6029368582981570176   0.6136       0.0977    -4.931      0.141    -2.154      0.088    15.7686   0.0138   16.1574   0.052    14.988    0.0323   1.1695    0     322    630.05      1.387      0.884464401     
  17:01:04.40   -30:08:32.5   53     OGLE-BLG-RRLYR-41768   15.382   -99.99   0.2730964   4.0E-7   0.299   0.2731   16.512   0.502   V   RRc    NGC6266-V53     255.26831942834   0.085     -30.14239159311   0.048     6029364906489311104   0.0057       0.0897    -5.019      0.139    -2.479      0.083    16.1867   0.0082   16.5804   0.0292   15.3442   0.0176   1.2362    0     307    331.84      1.436      0.965666192     
  17:01:04.85   -30:06:54.1   168    OGLE-BLG-RRLYR-41772   14.933   -99.99   0.5756229   1.8E-6   0.417   0.5754   16.143   0.417   V   RRab   NGC6266-NV168   255.27017980147   0.0717    -30.11504887356   0.0403    6029368342463149184   0.3686       0.0755    -5.009      0.114    -2.592      0.07     15.7744   0.0101   16.1879   0.0385   14.9143   0.0284   1.2735    0     263    227.86      1.442      0.974754111     
  17:01:05.11   -30:08:02.7   84     OGLE-BLG-RRLYR-41775   14.842   -99.99   0.7312467   2.4E-6   0.278   0.7312   16.111   0.461   V   RRab   NGC6266-NV84    255.27127217354   0.0675    -30.1341033051    0.0389    6029367895786551552   0.1869       0.0729    -5.271      0.115    -2.332      0.068    15.7493   0.0067   16.2659   0.0255   14.9101   0.0188   1.3558    0     302    330.26      1.378      0.93588062      
  17:01:05.32   -30:06:18.8   58     OGLE-BLG-RRLYR-41776   15.034   -99.99   0.4813636   8.2E-6   0.56    0.481    --       0.996   V   RRab   NGC6266-V58     255.27217370707   0.11      -30.10525653108   0.0573    6029368342463151616   -0.6407      0.1128    -4.427      0.162    -3.377      0.097    15.8548   0.0124   16.1842   0.0375   15.0039   0.0258   1.1803    0     283    578.6       1.474      0.94839512      
  17:01:05.59   -30:04:08.5   8      OGLE-BLG-RRLYR-41779   14.931   -99.99   0.5327118   4.0E-7   0.654   0.5327   16.034   1.009   V   RRab   NGC6266-V8      255.27330094743   0.2453    -30.06904840509   0.1461    6029368759188584320   0.6965       0.2986    -6.849      0.411    -3.304      0.256    15.7073   0.0134   15.9808   0.0502   14.8342   0.0295   1.1466    0     343    8371.93     1.522      0.456242652     
  17:01:05.59   -30:03:17.3   9      OGLE-BLG-RRLYR-41780   14.801   -99.99   0.556573    4.0E-7   0.782   0.5566   16.040   1.28    P   RRab   NGC6266-V9      255.27329515124   0.0726    -30.05481557892   0.0405    6029368789140003840   0.1888       0.0791    -4.735      0.132    -3.04       0.071    15.634    0.0162   16.0      0.0578   14.91     0.0387   1.09      0     303    395.54      1.353      0.980620522     
  17:01:05.70   -30:07:30.4   4      OGLE-BLG-RRLYR-41781   14.967   -99.99   0.5414233   1.8E-6   0.648   0.5411   16.109   1.068   V   RRab   NGC6266-V4      255.27371396563   0.1549    -30.12513140421   0.0966    6029367900194921856   1.1739       0.1911    -6.975      0.256    -2.126      0.166    15.8294   0.0085   16.2372   0.0296   14.9635   0.0173   1.2737    0     273    1256.65     1.449      0.0103567075    
  17:01:06.09   -30:03:01.7   ""     OGLE-BLG-RRLYR-41787   15.158   -99.99   0.2478926   4.0E-7   0.19    ""       ""       ""      ""  RRc    -99.99          255.27536524463   0.0615    -30.05049523531   0.0359    6029368789140005888   0.1694       0.0717    -4.816      0.103    -2.701      0.062    15.7772   0.005    16.1157   0.0203   15.2289   0.0118   0.8869    0     320    267.93      1.243      0.978126599     
  17:01:06.11   -30:06:57.4   3      OGLE-BLG-RRLYR-41788   15.037   -99.99   0.4913753   2.0E-7   0.791   0.4913   --       --      V   RRab   NGC6266-V3      255.27544888054   0.1236    -30.11598152558   0.072     6029368278050006144   0.3402       0.1347    -4.67       0.203    -2.217      0.124    15.8446   0.0169   15.8629   0.0525   14.6352   0.0307   1.2277    0     256    1229.84     2.019      0.897894435     
  17:01:06.13   -30:04:33.3   65     OGLE-BLG-RRLYR-41789   15.199   -99.99   0.2523862   8.0E-7   0.229   0.2523   16.086   0.397   V   RRc    NGC6266-V65     255.27555231301   0.1236    -30.07595262547   0.061     6029368690367277696   0.4572       0.1401    -4.229      0.181    -2.979      0.106    15.8183   0.0061   16.1293   0.0224   15.103    0.0131   1.0264    0     307    847.59      1.374      0.947531834     
  17:01:06.28   -30:05:19.8   80     OGLE-BLG-RRLYR-41790   14.917   -99.99   0.5961433   8.0E-7   0.44    0.5962   16.090   0.645   V   RRab   NGC6266-V80     255.276145299     0.0802    -30.08886107474   0.043     6029368376823146752   0.5168       0.0766    -5.175      0.122    -2.196      0.072    15.7454   0.0093   16.1757   0.0333   14.9289   0.0238   1.2468    0     293    298.34      1.397      0.896832851     
  17:01:06.31   -30:08:18.2   85     OGLE-BLG-RRLYR-41791   15.234   -99.99   0.3196031   6.0E-7   0.261   0.3196   16.365   0.432   V   RRc    NGC6266-NV85    255.2762809343    0.0715    -30.13840750824   0.0427    6029364940849059456   0.1947       0.0807    -4.926      0.123    -3.14       0.075    16.0374   0.0064   16.438    0.0252   15.175    0.0125   1.2629    0     313    328.91      1.45       0.982166491     
  17:01:06.33   -30:14:50.8   71     OGLE-BLG-RRLYR-41792   14.707   -99.99   0.7053819   1.2E-6   0.385   0.7045   --       --      P   RRab   NGC6266-V71     255.27636872048   0.0491    -30.24746050325   0.0355    6029362093371105536   -0.0053      0.0521    -4.78       0.094    -2.855      0.061    15.4988   0.008    15.9751   0.0334   14.7905   0.0186   1.1847    0     334    316.83      1.291      0.9812426       
  17:01:06.39   -30:09:01.7   48     OGLE-BLG-RRLYR-41794   14.85    -99.99   0.7433996   1.2E-6   0.48    0.7432   16.185   0.725   V   RRab   NGC6266-V48     255.27660734218   0.0661    -30.150504985     0.0383    6029364906489321472   0.1172       0.0755    -4.553      0.106    -2.853      0.066    15.7739   0.0104   16.3173   0.0396   14.9259   0.0237   1.3914    0     326    359.74      1.375      0.974170049     
  17:01:06.62   -30:06:16.4   6      OGLE-BLG-RRLYR-41795   15.011   -99.99   0.4920227   5.0E-7   0.665   0.492    16.121   1.082   V   RRab   NGC6266-V6      255.2775697263    0.1093    -30.10457795709   0.0644    6029368381129347712   0.6321       0.1217    -6.628      0.187    -1.68       0.115    15.8179   0.0159   15.8032   0.1049   14.6808   0.0536   1.1223    0     275    835.16      1.957      0.0             
  17:01:07.10   -30:05:16.3   16     OGLE-BLG-RRLYR-41797   14.794   -99.99   0.5958378   2.1E-6   0.645   0.594    15.883   1.105   V   RRab   NGC6266-V16     255.27955470603   0.0653    -30.08789348376   0.04      6029368381129490304   0.1464       0.0786    -5.316      0.102    -2.624      0.068    15.6168   0.0152   15.9648   0.0505   14.7841   0.0303   1.1807    0     304    261.98      1.449      0.97222708      
  17:01:07.30   -30:07:27.8   23     OGLE-BLG-RRLYR-41799   12.658   -99.99   0.4481079   6.0E-7   0.098   0.4482   14.699   0.306   V   RRab   NGC6266-V23     255.28038588709   0.2237    -30.12442271798   0.1608    6029368278152039680   1.3092       0.34      -5.8        0.412    -2.227      0.28     13.7774   0.0027   14.6026   0.0111   12.7838   0.0052   1.8188    1     273    8366.89     1.407      0.838348929     
  17:01:07.78   -30:05:39.2   86     OGLE-BLG-RRLYR-41801   15.123   -99.99   0.2911626   4.0E-7   0.253   0.2913   16.112   0.433   V   RRc    NGC6266-NV86    255.28243628745   0.1288    -30.09425686399   0.08      6029368376823151488   0.272        0.1529    -4.339      0.219    -1.524      0.139    15.8475   0.0075   16.05     0.0226   14.9695   0.0138   1.0805    0     322    1663.67     1.565      0.0723484125    
  17:01:08.01   -30:06:04.8   217    OGLE-BLG-RRLYR-41802   15.072   -99.99   0.320335    9.0E-7   0.248   0.3203   --       --      V   RRc    NGC6266-NV217   255.28336745085   0.1682    -30.10136159101   0.1005    6029368381129316736   -1.0227      0.1904    -6.414      0.277    -4.374      0.175    15.7737   0.0071   15.8062   0.1293   14.3469   0.1883   1.4592    0     249    1811.98     2.297      0.018953392     
  17:01:08.24   -30:06:55.9   34     OGLE-BLG-RRLYR-41803   14.807   -99.99   0.5836097   1.2E-6   0.594   0.5834   15.955   1.053   V   RRab   NGC6266-V34     255.28434698689   0.4784    -30.11556327652   0.2858    6029368278049913856   2.0132       0.5594    -9.854      0.769    -2.655      0.489    15.606    0.0114   15.6709   0.0432   14.4591   0.0288   1.2118    0     268    15691.6     1.916      0.0             
  17:01:08.31   -30:10:14.2   43     OGLE-BLG-RRLYR-41804   15.145   -99.99   0.5635352   5.0E-7   0.645   0.5636   16.481   0.859   V   RRab   NGC6266-V43     255.28460056101   0.3225    -30.17063742506   0.2088    6029364635914893440   5.4418       0.3885    -3.296      0.623    1.242       0.382    15.9577   0.0129   16.3306   0.0378   14.9032   0.0223   1.4274    0     347    12008.63    1.645      1.94857565E-12  
  17:01:08.34   -30:09:52.2   30     OGLE-BLG-RRLYR-41805   15.332   -99.99   0.3044298   5.0E-7   0.248   0.3041   16.502   0.422   V   RRc    NGC6266-V30     255.28472856625   0.0881    -30.16452568749   0.0506    6029364837769854976   0.0701       0.088     -5.273      0.14     -2.859      0.085    16.2149   0.0067   16.6803   0.0279   15.4205   0.016    1.2598    0     305    273.6       1.363      0.980908743     
  17:01:08.41   -30:05:12.7   87     OGLE-BLG-RRLYR-41806   14.862   -99.99   0.6422299   3.8E-6   0.188   0.6424   16.049   0.296   V   RRab   NGC6266-NV87    255.28502630632   0.116     -30.08689416589   0.057     6029368484310605184   0.13         0.1054    -5.532      0.147    -3.088      0.092    15.69     0.0043   16.106    0.0186   14.8629   0.012    1.243     0     292    303.5       1.412      0.973474344     
  17:01:08.58   -30:04:14.1   226    OGLE-BLG-RRLYR-41807   14.827   -99.99   0.6302258   9.0E-7   0.509   0.6301   15.984   0.796   V   RRab   NGC6266-NV226   255.28573224021   0.0874    -30.07061500025   0.0417    6029368724727004800   -1.0464      0.0978    -4.201      0.108    -3.595      0.07     15.6512   0.0116   16.0851   0.0462   14.8749   0.0295   1.2102    0     333    412.98      1.363      0.82970131      
  17:01:08.59   -30:05:23.6   88     OGLE-BLG-RRLYR-41809   14.963   -99.99   0.5808502   8.0E-7   0.438   0.5807   16.129   0.737   V   RRab   NGC6266-NV88    255.28578550016   0.0715    -30.08990425655   0.0412    6029368479902370048   0.1648       0.0777    -4.263      0.117    -2.019      0.071    15.7801   0.0093   16.2009   0.0314   14.9582   0.0237   1.2427    0     310    368.33      1.406      0.57324436      
  17:01:08.81   -30:06:43.6   37     OGLE-BLG-RRLYR-41813   13.741   -99.99   0.5841723   7.0E-7   0.265   0.5844   --       --      V   RRab   NGC6266-V37     255.28668553721   3.1486    -30.11211573801   1.2764    6029368312409686784   99999.9999   99.9999   99999.999   99.999   99999.999   99.999   14.5773   0.0056   14.9772   0.0178   13.4651   0.0114   1.5121    1     263    552992.3    1.694      0.0             
  17:01:08.99   -30:07:37.0   124    OGLE-BLG-RRLYR-41814   14.938   -99.99   0.4854698   4.0E-7   0.714   0.4855   --       1.115   V   RRab   NGC6266-NV124   255.28746980568   0.4845    -30.12696985761   0.2736    6029365323114574080   1.7834       0.4671    -11.213     0.741    -3.914      0.461    15.7498   0.017    15.8146   0.0637   14.5468   0.0425   1.2678    0     289    9396.76     1.981      4.17840298E-9   
  17:01:09.11   -30:07:46.3   89     OGLE-BLG-RRLYR-41816   15.006   -99.99   0.55824     1.8E-6   0.442   0.5581   --       --      V   RRab   NGC6266-NV89    255.28795245976   0.2007    -30.12955114653   0.1073    6029365323213271168   -0.6192      0.2159    -4.586      0.319    -4.054      0.185    15.8818   0.0115   15.8126   0.0386   14.6785   0.0256   1.134     0     312    2030.94     2.072      0.644114838     
  17:01:09.11   -30:06:40.2   196    OGLE-BLG-RRLYR-41817   14.533   -99.99   0.3108722   6.0E-7   0.138   0.3109   --       --      V   RRc    NGC6266-NV196   255.28798551315   1.7993    -30.11119614548   1.0064    6029368312511799680   99999.9999   99.9999   99999.999   99.999   99999.999   99.999   15.3624   0.0101   15.4272   0.0219   14.0566   0.0098   1.3705    1     224    208440.94   2.109      0.0             
  17:01:09.31   -30:07:33.8   127    OGLE-BLG-RRLYR-41818   14.914   -99.99   0.532812    3.0E-7   0.855   0.5328   15.942   1.307   V   RRab   NGC6266-NV127   255.28876652857   0.2314    -30.12609167934   0.1767    6029365323112260480   0.2201       0.3842    -5.509      0.44     -0.223      0.328    15.6728   0.0187   15.8241   0.2715   14.4692   0.1423   1.3549    0     270    4825.15     1.929      0.0             
  17:01:09.39   -30:08:53.0   44     OGLE-BLG-RRLYR-41820   15.412   -99.99   0.4457979   3.1E-6   0.605   0.4456   16.724   1.122   V   RRab   NGC6266-V44     255.28909928372   0.0809    -30.1480690712    0.0465    6029364872129599360   0.1235       0.0875    -5.549      0.138    -2.858      0.081    16.3157   0.0128   16.8676   0.0515   15.4971   0.0316   1.3706    0     313    339.27      1.346      0.971920728     
  17:01:09.42   -30:07:01.3   159    OGLE-BLG-RRLYR-41821   14.864   -99.99   0.3763763   1.7E-6   0.273   0.3763   --       --      V   RRc    NGC6266-NV159   255.28923342937   0.2728    -30.11706099589   0.173     6029368312409585408   -1.6611      0.3007    -2.629      0.432    -2.873      0.292    15.4806   0.0075   15.335    0.0427   14.1759   0.0167   1.1591    0     271    5016.6      2.255      0.0458006206    
  17:01:09.47   -30:09:13.2   31     OGLE-BLG-RRLYR-41823   15.323   -99.99   0.4855691   3.0E-7   0.813   0.4855   16.590   1.271   V   RRab   NGC6266-V31     255.28942608094   0.0872    -30.15367760839   0.0509    6029364872129600256   0.2075       0.1       -6.153      0.14     -2.952      0.089    16.3196   0.0125   16.867    0.0447   15.3809   0.0357   1.4862    1     333    412.22      1.454      0.851341026     
  17:01:09.54   -30:06:36.6   198    OGLE-BLG-RRLYR-41824   14.82    -99.99   0.5729392   8.0E-7   0.443   0.5763   16.059   0.782   V   RRab   NGC6266-NV198   255.28972229581   0.4123    -30.11019929671   0.2199    6029368312511799552   -0.0178      0.4062    -5.174      0.551    -0.372      0.362    15.6316   0.0116   15.378    0.1666   13.9827   0.1347   1.3954    1     216    4914.53     2.871      1.94555423E-5   
  17:01:09.57   -30:07:07.6   150    OGLE-BLG-RRLYR-41826   15.071   -99.99   0.5479276   2.4E-6   0.458   0.548    16.159   0.686   V   RRab   NGC6266-NV150   255.28986761447   0.1652    -30.11881340894   0.0987    6029365357572966272   -1.5674      0.1867    -5.449      0.285    -5.123      0.171    15.7134   0.013    15.7173   0.045    14.406    0.0273   1.3114    0     157    890.48      2.151      2.07106269E-4   
  17:01:09.65   -30:04:44.6   36     OGLE-BLG-RRLYR-41827   14.786   -99.99   0.6526561   1.0E-6   0.421   0.6527   15.933   0.659   V   RRab   NGC6266-V36     255.2902052015    0.0753    -30.07908547659   0.0421    6029368479902374528   0.1459       0.0749    -5.37       0.114    -3.605      0.07     15.632    0.0096   16.0681   0.0339   14.8566   0.0271   1.2116    0     308    385.02      1.361      0.939111157     
  17:01:09.70   -30:08:14.6   90     OGLE-BLG-RRLYR-41828   15.321   -99.99   0.3273223   6.0E-7   0.288   0.3273   16.534   0.462   V   RRc    NGC6266-NV90    255.29040785013   0.1075    -30.13741852813   0.0535    6029365323112013312   0.0107       0.1187    -4.997      0.131    -3.278      0.089    16.1709   0.0069   16.5757   0.0249   15.2648   0.0148   1.3109    0     320    317.44      1.486      0.978803175     
  17:01:09.70   -30:07:04.2   154    OGLE-BLG-RRLYR-41829   15.083   -99.99   0.3151993   9.0E-7   0.249   0.3151   --       --      V   RRc    NGC6266-NV154   255.29039249445   0.2391    -30.11786982209   0.1643    6029365357472085888   -0.1118      0.2978    -3.913      0.423    -1.174      0.291    15.7952   0.0073   99.9999   9.9999   99.9999   9.9999   99.9999   0     255    3268.7      99.999     0.0146653397    
  17:01:09.75   -30:06:01.2   219    OGLE-BLG-RRLYR-41830   14.813   -99.99   0.7177961   2.3E-6   0.443   0.7177   16.032   0.744   V   RRab   NGC6266-NV219   255.29061925089   0.1653    -30.10034608042   0.0916    6029368308103438208   -0.7537      0.1796    -4.221      0.219    -2.541      0.147    15.6584   0.0115   15.9725   0.0348   14.6786   0.0258   1.2939    0     243    630.45      1.599      0.915874018     
  17:01:09.93   -30:07:58.3   82     OGLE-BLG-RRLYR-41832   15.16    -99.99   0.5648566   8.0E-7   0.469   0.5648   16.479   0.642   V   RRab   NGC6266-V82     255.29136240753   0.1114    -30.13287574716   0.0631    6029365323112180480   0.7373       0.1235    -3.417      0.181    -1.202      0.109    16.0588   0.0097   16.2486   0.0321   14.8314   0.0184   1.4172    0     300    630.09      1.935      8.46902314E-5   
  17:01:09.96   -30:06:52.4   169    OGLE-BLG-RRLYR-41833   14.399   -99.99   0.5142958   1.2E-6   0.225   0.5144   --       --      V   RRc    NGC6266-NV169   255.29147741672   0.2969    -30.11458652931   0.1318    6029368312409605888   1.9525       0.3254    -8.848      0.378    -0.653      0.226    15.1904   0.0061   15.2347   0.0324   13.7889   0.0246   1.4458    0     240    3580.61     2.253      0.0             
  17:01:09.98   -30:06:48.4   177    OGLE-BLG-RRLYR-41835   14.877   -99.99   0.685244    2.6E-6   0.434   0.6851   --       --      V   RRab   NGC6266-NV177   255.29158036975   0.3151    -30.11345858724   0.1944    6029368312409605632   -1.6825      0.3461    -4.434      0.531    -4.219      0.342    15.5475   0.0146   15.2933   0.0528   14.0427   0.031    1.2506    0     145    3651.08     2.63       0.584183887     
  17:01:10.05   -30:07:36.5   125    OGLE-BLG-RRLYR-41836   15.223   -99.99   0.2736877   3.0E-7   0.297   0.2737   --       --      V   RRc    NGC6266-NV125   255.2918612922    0.1096    -30.12682275896   0.0636    6029365323112242688   0.296        0.1083    -3.291      0.174    -2.424      0.107    15.8155   0.0081   15.6172   0.026    14.6382   0.0152   0.979     0     293    762.78      2.14       0.0954659716    
  17:01:10.12   -30:07:01.0   160    OGLE-BLG-RRLYR-41838   15.061   -99.99   0.5439515   6.0E-7   0.634   0.5437   16.147   1.218   V   RRab   NGC6266-NV160   255.29214017111   0.1469    -30.11697821358   0.1       6029365357472084096   0.5026       0.1762    -4.35       0.244    -3.112      0.17     15.7925   0.0133   15.6521   0.0396   14.4052   0.0206   1.2469    0     239    976.68      2.363      0.958460292     
  17:01:10.29   -30:05:18.0   18     OGLE-BLG-RRLYR-41839   15.018   -99.99   0.5241246   4.0E-7   0.667   0.5241   16.156   1.027   V   RRab   NGC6266-V18     255.29285188893   0.0797    -30.08835579984   0.0449    6029368479902377088   -0.2378      0.0851    -4.363      0.129    -2.589      0.078    15.863    0.0129   16.2799   0.0452   15.0106   0.026    1.2693    0     310    399.98      1.433      0.94388594      
  17:01:10.41   -30:07:52.3   91     OGLE-BLG-RRLYR-41840   15.185   -99.99   0.3166464   7.0E-7   0.243   0.3167   16.337   0.421   V   RRc    NGC6266-NV91    255.29333752422   0.1284    -30.13120759364   0.0783    6029365323213260544   0.0669       0.1466    -6.067      0.406    -4.483      0.219    15.9512   0.0133   16.1251   0.04     14.9416   0.0258   1.1835    1     73     111.74      1.704      0.0564114054    
  17:01:10.54   -30:06:32.9   200    OGLE-BLG-RRLYR-41841   15.05    -99.99   0.4872428   2.5E-6   0.511   0.487    --       --      V   RRab   NGC6266-NV200   255.29387561882   1.3498    -30.10916968602   0.7728    6029368312510254464   99999.9999   99.9999   99999.999   99.999   99999.999   99.999   15.5153   0.0204   15.0249   0.1069   13.1438   0.0762   1.8811    0     218    28525.68    4.936      0.0             
  17:01:10.57   -30:08:05.4   92     OGLE-BLG-RRLYR-41842   15.174   -99.99   0.5256789   4.0E-7   0.759   0.5256   --       --      V   RRab   NGC6266-NV92    255.29404721232   0.1326    -30.13487116365   0.0743    6029365323112009728   0.1598       0.149     -6.72       0.269    -2.971      0.15     15.9866   0.0154   15.9363   0.0223   14.6118   0.0465   1.3244    0     268    497.63      2.279      0.406579411     
  17:01:10.73   -30:07:09.5   247    OGLE-BLG-RRLYR-41843   14.939   -99.99   0.4927753   2.6E-6   0.479   0.4928   --       --      V   RRab   NGC6266-NV247   255.29471399103   0.927     -30.11934366543   0.5752    6029365357472024576   99999.9999   99.9999   99999.999   99.999   99999.999   99.999   15.5614   0.0195   15.1923   0.072    13.941    0.0256   1.2514    0     225    47802.02    2.925      0.0             
  17:01:10.73   -30:07:05.7   151    OGLE-BLG-RRLYR-41844   15.088   -99.99   0.3152201   7.0E-7   0.283   0.3153   --       --      V   RRc    NGC6266-NV151   255.29469544908   0.3078    -30.11829160383   0.1905    6029365357472021504   -2.3892      0.3543    -8.069      0.464    -6.153      0.315    15.6801   0.0098   15.2649   0.0097   14.2153   4.0E-4   1.0495    0     189    2397.04     2.716      0.0             
  17:01:10.79   -30:06:45.4   181    OGLE-BLG-RRLYR-41845   14.877   -99.99   0.5892551   2.5E-6   0.568   0.5895   --       --      V   RRab   NGC6266-NV181   255.29494500907   0.4229    -30.11265878446   0.2375    6029368312510451456   -0.2542      0.4154    -9.589      0.536    -3.297      0.393    15.4989   0.0203   15.0439   0.0742   13.7026   0.0373   1.3413    0     141    2238.19     3.343      6.36651787E-7   
  17:01:10.95   -30:06:17.2   246    OGLE-BLG-RRLYR-41846   15.075   -99.99   0.508455    8.0E-7   0.6     0.5086   --       --      V   RRab   NGC6266-NV246   255.29559426879   0.1364    -30.10480668234   0.0711    6029368312510439680   -1.7433      0.1452    -6.651      0.349    -6.382      0.178    15.835    0.0162   15.4991   0.0397   14.4655   0.0099   1.0336    0     275    730.59      2.503      0.0             
  17:01:10.99   -30:02:48.3   47     OGLE-BLG-RRLYR-41848   14.966   -99.99   0.6118304   1.8E-6   0.339   0.6121   16.64    0.59    P   RRab   NGC6266-V47     255.29581304637   0.0678    -30.04675457309   0.0367    6029392261227381376   0.1294       0.0776    -4.906      0.103    -3.023      0.063    15.8492   0.0076   16.326    0.027    15.0769   0.0179   1.2491    0     331    294.21      1.34       0.983459344     
  17:01:11.02   -30:06:24.7   205    OGLE-BLG-RRLYR-41849   14.985   -99.99   0.5515406   4.0E-7   0.869   0.552    --       --      V   RRab   NGC6266-NV205   255.29588927708   0.5949    -30.10688594256   0.3335    6029368312510278016   -7.1656      0.7972    0.069       0.959    -8.009      0.595    15.5019   0.0154   15.0723   0.0464   13.8259   0.0408   1.2464    0     244    10975.08    3.083      0.0             
  17:01:11.10   -30:05:07.2   17     OGLE-BLG-RRLYR-41850   15.017   -99.99   0.529381    3.5E-6   0.505   0.529    16.109   1.135   V   RRab   NGC6266-V17     255.29624037411   0.0729    -30.08535227202   0.0427    6029368479902379904   0.2835       0.075     -5.143      0.116    -3.139      0.071    15.8559   0.0119   16.1265   0.0395   14.9965   0.0236   1.13      0     301    288.0       1.512      0.9823304       
  17:01:11.19   -30:07:11.8   146    OGLE-BLG-RRLYR-41852   15.019   -99.99   0.4659948   4.0E-7   0.862   0.466    --       --      V   RRab   NGC6266-NV146   255.29661309249   0.2192    -30.1199829892    0.1212    6029365357572813312   -0.7311      0.2294    -4.447      0.324    -3.439      0.208    15.8979   0.0167   15.2677   0.0586   14.0186   0.0421   1.2491    0     222    1069.34     3.715      0.943762966     
  17:01:11.25   -30:07:34.8   38     OGLE-BLG-RRLYR-41853   14.591   -99.99   0.7707751   5.0E-7   0.681   0.7708   --       --      V   RRab   NGC6266-V38     255.2968779854    0.1032    -30.12634923115   0.0571    6029365323112052736   0.9513       0.1165    -7.026      0.158    -2.04       0.098    15.3443   0.0138   15.388    0.044    14.1448   0.0243   1.2432    0     329    1052.4      1.99       0.00118164876   
  17:01:11.34   -30:07:43.5   74     OGLE-BLG-RRLYR-41855   15.13    -99.99   0.466703    5.0E-7   0.814   0.4667   --       --      V   RRab   NGC6266-V74     255.29725043195   0.1361    -30.12878639861   0.0789    6029365323112062336   -0.5278      0.1549    -3.263      0.226    -3.805      0.138    15.9171   0.0188   16.0873   0.0602   14.8517   0.0309   1.2355    0     316    1162.48     1.763      0.0369525847    
  17:01:11.36   -30:07:14.7   144    OGLE-BLG-RRLYR-41856   14.775   -99.99   0.6104846   2.9E-6   0.334   0.6105   --       --      V   RRab   NGC6266-NV144   255.29731646031   0.3002    -30.12078538665   0.1295    6029365357572817536   3.3163       0.2761    -0.562      0.392    1.418       0.214    15.5992   0.0105   14.9952   0.1031   13.3768   0.0211   1.6184    0     226    1408.5      4.578      0.0             
  17:01:11.54   -30:06:40.4   195    OGLE-BLG-RRLYR-41857   15.09    -99.99   0.4677373   2.1E-6   0.643   0.47     --       --      V   RRab   NGC6266-NV195   255.29806444083   0.422     -30.11127245733   0.4557    6029365357572762240   99999.9999   99.9999   99999.999   99.999   99999.999   99.999   15.6334   0.0221   14.7527   0.0661   13.5793   0.0231   1.1734    0     140    1489.58     4.475      0.0             
  17:01:11.58   -30:06:05.5   216    OGLE-BLG-RRLYR-41858   15.193   -99.99   0.2666188   4.0E-7   0.281   0.2666   --       --      V   RRc    NGC6266-NV216   255.29822644206   0.282     -30.10155820442   0.1663    6029368415589602432   1.11         0.3093    -8.155      0.433    -2.538      0.275    15.8652   0.0092   15.1805   0.0492   14.0861   0.0096   1.0944    0     285    3899.21     3.571      0.00247876194   
  17:01:11.61   -30:05:46.3   93     OGLE-BLG-RRLYR-41859   15.052   -99.99   0.5523221   2.3E-6   0.443   0.552    16.340   0.966   V   RRab   NGC6266-NV93    255.29837462431   0.4285    -30.09621710042   0.2202    6029368415489001856   0.404        0.5023    -6.731      0.556    -0.9        0.375    15.8582   0.0153   15.6291   0.0244   14.5833   0.0454   1.0458    0     234    6375.07     2.284      0.0             
  17:01:11.66   -30:06:43.8   187    OGLE-BLG-RRLYR-41860   14.517   -99.99   0.4909653   1.6E-6   0.501   0.491    --       --      V   RRab   NGC6266-NV187   255.29853467779   35.3607   -30.11220570992   15.4624   6029365357572825344   99999.9999   99.9999   99999.999   99.999   99999.999   99.999   15.1156   0.0645   99.9999   9.9999   99.9999   9.9999   99.9999   0     37     43082.93    99.999     0.0             
  17:01:11.68   -30:06:20.4   208    OGLE-BLG-RRLYR-41861   14.915   -99.99   0.5409321   4.7E-6   0.52    0.541    --       --      V   RRab   NGC6266-NV208   255.2986306219    0.4589    -30.10569521494   0.2776    6029368415589544192   0.3423       0.4591    -4.674      0.8      -0.847      0.503    15.6797   0.0119   15.2316   0.0583   14.0872   0.0361   1.1444    0     241    9295.99     2.955      0.0648564248    
  17:01:11.71   -30:09:32.4   121    OGLE-BLG-RRLYR-41863   16.145   -99.99   0.2804665   5.0E-7   0.226   0.2805   17.251   0.378   V   RRc    NGC6266-NV121   255.29875566364   0.094     -30.15901534635   0.0602    6029364670377584384   0.0674       0.106     -4.678      0.177    -1.61       0.106    16.9702   0.0056   17.4672   0.0286   16.2087   0.0204   1.2585    0     339    354.49      1.323      0.170710923     
  17:01:11.73   -30:05:44.3   19     OGLE-BLG-RRLYR-41864   14.933   -99.99   0.5227394   4.0E-7   0.861   0.5227   --       --      V   RRab   NGC6266-V19     255.29888201408   0.2977    -30.09567013864   0.1641    6029368415489011712   -2.056       0.3258    -4.581      0.458    -4.91       0.277    15.713    0.0178   15.737    0.0554   14.6546   0.0361   1.0824    0     292    5482.18     1.846      0.0111064739    
  17:01:11.73   -30:03:45.6   259    OGLE-BLG-RRLYR-41865   14.861   -99.99   0.6701176   5.1E-6   0.104   0.6704   --       --      V   RRab   NGC6266-NV259   255.29887995481   0.6606    -30.06267637667   0.3749    6029392188121856640   3.9898       0.913     -6.405      0.915    -0.337      0.629    15.607    0.0037   15.9553   0.0096   14.7262   0.0076   1.2291    0     288    18238.25    1.491      0.0             
  17:01:11.85   -30:07:28.6   130    OGLE-BLG-RRLYR-41866   15.205   -99.99   0.2611234   6.0E-7   0.139   0.2613   --       --      V   RRc    NGC6266-NV130   255.29936229242   0.3366    -30.12464052588   0.2663    6029365357572751104   8.5178       0.6577    -13.457     0.508    0.358       0.449    15.8595   0.0071   15.4293   0.0635   14.2888   0.0084   1.1405    0     264    2786.24     2.9        0.0             
  17:01:11.86   -30:07:15.0   143    OGLE-BLG-RRLYR-41867   15.197   -99.99   0.2950091   7.0E-7   0.266   0.2959   --       --      V   RRc    NGC6266-NV143   255.29942371213   0.9311    -30.12088501263   0.4937    6029365357572731008   99999.9999   99.9999   99999.999   99.999   99999.999   99.999   15.7094   0.0137   14.9404   0.1337   13.7104   0.0541   1.2301    0     193    3040.07     4.174      0.0             
  17:01:11.95   -30:06:21.0   207    OGLE-BLG-RRLYR-41868   15.254   -99.99   0.2650758   7.0E-7   0.297   0.265    --       --      V   RRc    NGC6266-NV207   255.2997985353    0.1761    -30.10585326387   0.103     6029368415589591296   -1.6032      0.1955    -2.334      0.291    -5.49       0.18     15.8088   0.01     15.2919   0.1382   14.0583   0.0084   1.2336    0     260    1563.92     3.316      6.47740056E-11  
  17:01:11.96   -30:08:48.3   33     OGLE-BLG-RRLYR-41869   15.216   -99.99   0.5736015   7.0E-7   0.62    0.5736   16.620   0.973   V   RRab   NGC6266-V33     255.29982932391   0.1393    -30.14675862472   0.0663    6029365250086737280   0.2415       0.1332    -5.507      0.155    -3.382      0.108    16.2081   0.0125   16.724    0.0503   15.1832   0.0278   1.5408    0     297    338.31      1.551      0.961546941     
  17:01:12.00   -30:07:26.0   132    OGLE-BLG-RRLYR-41870   15.198   -99.99   0.2843517   1.6E-6   0.253   0.2842   16.189   0.628   V   RRc    NGC6266-NV132   255.29998431895   0.3587    -30.12392243704   0.1874    6029365357572929152   0.1313       0.4187    -9.519      0.493    -1.652      0.318    15.8641   0.0074   15.384    0.0998   14.1454   0.0176   1.2386    0     279    4871.14     3.215      0.0             
  17:01:12.04   -30:06:22.1   206    OGLE-BLG-RRLYR-41871   14.896   -99.99   0.6414585   3.5E-6   0.43    0.64     --       --      V   RRab   NGC6266-NV206   255.30016805896   0.1771    -30.10617179977   0.1119    6029368415589591552   -1.0143      0.1866    -5.412      0.312    -5.285      0.204    15.6108   0.0102   15.1846   0.0662   13.9279   0.0243   1.2566    0     251    1848.13     3.093      7.1083404E-5    
  17:01:12.08   -30:07:20.2   261    OGLE-BLG-RRLYR-41872   15.012   -99.99   0.5040967   5.0E-7   0.642   0.5041   --       --      V   RRab   NGC6266-NV261   255.30031552192   0.2219    -30.12229611054   0.1281    6029365357572742272   -0.6889      0.2541    -3.685      0.362    -1.975      0.221    15.7282   0.0153   15.1793   0.0517   14.1279   0.0312   1.0514    0     303    3155.15     3.076      0.294453491     
  17:01:12.11   -30:07:01.7   158    OGLE-BLG-RRLYR-41874   14.745   -99.99   0.2643684   6.0E-7   0.204   0.264    --       --      V   RRc    -99.99          255.30036538043   3.0754    -30.1171656542    3.3049    6029365357572870144   99999.9999   99.9999   99999.999   99.999   99999.999   99.999   15.2832   0.0183   14.6369   0.0535   13.3952   0.0193   1.2418    0     150    44065.95    3.754      0.0             
  17:01:12.12   -30:07:22.1   137    OGLE-BLG-RRLYR-41875   15.022   -99.99   0.5147494   7.0E-7   0.576   0.515    --       --      V   RRab   NGC6266-NV137   255.30049394233   0.2212    -30.12281838732   0.1298    6029365357572743552   1.427        0.2565    -4.671      0.417    -3.273      0.231    15.816    0.0105   15.3912   0.0527   14.0631   0.017    1.3281    0     285    2729.72     3.225      0.966835107     
  17:01:12.16   -30:06:42.6   243    OGLE-BLG-RRLYR-41877   14.737   -99.99   0.4911295   4.2E-6   0.455   0.4911   --       --      V   RRab   NGC6266-NV243   255.30063765153   0.9056    -30.11186016311   0.5562    6029365357471890560   99999.9999   99.9999   99999.999   99.999   99999.999   99.999   15.3092   0.0215   14.3218   0.0859   13.1291   0.0287   1.1927    0     111    18797.82    4.994      0.0             
  17:01:12.18   -30:07:08.6   149    OGLE-BLG-RRLYR-41878   14.679   -99.99   0.8755423   9.2E-6   0.086   0.319    --       --      V   RRab   NGC6266-NV149   255.30075251584   1.0024    -30.1190782407    1.0188    6029365357572973312   99999.9999   99.9999   99999.999   99.999   99999.999   99.999   15.2963   0.0094   99.9999   9.9999   99.9999   9.9999   99.9999   0     134    9563.06     99.999     0.0             
  17:01:12.20   -30:07:03.0   156    OGLE-BLG-RRLYR-41880   14.811   -99.99   0.5750452   9.0E-7   0.425   0.577    --       --      V   RRab   NGC6266-NV156   255.30078644638   1.4842    -30.11751403702   0.6205    6029365357572838912   99999.9999   99.9999   99999.999   99.999   99999.999   99.999   15.4708   0.0172   99.9999   9.9999   99.9999   9.9999   99.9999   0     139    12593.29    99.999     0.0             
  17:01:12.21   -30:07:11.1   147    OGLE-BLG-RRLYR-41881   14.041   -99.99   0.325859    1.0E-6   0.114   0.3259   --       --      V   RRc    NGC6266-NV147   255.300791922     1.9162    -30.11979494548   1.2284    6029365357572726400   99999.9999   99.9999   99999.999   99.999   99999.999   99.999   14.8287   0.0137   14.5893   0.1928   13.0201   0.0385   1.5692    1     120    13777.05    3.168      0.0             
  17:01:12.21   -30:06:25.5   203    OGLE-BLG-RRLYR-41882   14.923   -99.99   0.4909971   1.3E-6   0.682   0.491    --       --      V   RRab   NGC6266-NV203   255.30086825618   0.7689    -30.1071204634    0.5245    6029368415589552384   99999.9999   99.9999   99999.999   99.999   99999.999   99.999   15.4915   0.0205   14.782    0.0676   13.4599   0.0132   1.3221    1     164    20748.89    4.177      0.0             
  17:01:12.33   -30:06:47.9   179    OGLE-BLG-RRLYR-41883   14.715   -99.99   0.5482157   1.0E-6   0.428   0.5483   --       --      V   RRab   NGC6266-NV179   255.30136362585   27.8765   -30.11330374739   20.9541   6029365357572836224   99999.9999   99.9999   99999.999   99.999   99999.999   99.999   14.9862   0.0274   99.9999   9.9999   99.9999   9.9999   99.9999   0     42     47666.99    99.999     0.0             
  17:01:12.40   -30:06:51.0   174    OGLE-BLG-RRLYR-41884   14.7     -99.99   0.3176826   1.5E-6   0.151   0.3175   --       --      V   RRc    NGC6266-NV174   255.30158433654   0.876     -30.11416877462   0.4956    6029365357572903680   99999.9999   99.9999   99999.999   99.999   99999.999   99.999   14.691    0.01     99.9999   9.9999   99.9999   9.9999   99.9999   0     171    30637.8     99.999     0.0             
  17:01:12.44   -30:07:49.6   27     OGLE-BLG-RRLYR-41885   15.234   -99.99   0.4493012   4.0E-7   0.863   0.4492   16.361   1.382   V   RRab   NGC6266-V27     255.30181522338   0.1948    -30.13048488224   0.1261    6029365288752237824   -0.1248      0.2551    -6.091      0.267    -2.837      0.211    16.0415   0.0209   16.1524   0.0603   14.833    0.0329   1.3194    0     244    465.1       1.959      0.892843166     
  17:01:12.53   -30:06:16.8   13     OGLE-BLG-RRLYR-41887   15.003   -99.99   0.3032924   6.0E-7   0.222   0.3033   --       --      V   RRc    NGC6266-V13     255.30217851664   1.0807    -30.10468765848   0.5779    6029368415589650432   99999.9999   99.9999   99999.999   99.999   99999.999   99.999   15.5648   0.0084   15.1933   0.0212   13.8473   0.0103   1.346     0     258    34620.72    3.104      0.0             
  17:01:12.54   -30:06:54.9   165    OGLE-BLG-RRLYR-41888   14.316   -99.99   0.4521937   1.0E-6   0.423   0.452    --       --      V   RRab   NGC6266-NV165   255.30218835289   23.3021   -30.11530813301   11.1981   6029365357471878528   99999.9999   99.9999   99999.999   99.999   99999.999   99.999   14.7862   0.0266   99.9999   9.9999   99.9999   9.9999   99.9999   0     64     42798.56    99.999     0.0             
  17:01:12.54   -30:06:45.8   184    OGLE-BLG-RRLYR-41889   15.265   -99.99   0.6102895   5.8E-6   0.496   0.5722   --       --      V   RRab   NGC6266-NV184   255.30214692864   1.3323    -30.11271608238   0.9807    6029365357471894016   99999.9999   99.9999   99999.999   99.999   99999.999   99.999   15.0097   0.0147   99.9999   9.9999   99.9999   9.9999   99.9999   0     123    10695.39    99.999     0.0             
  17:01:12.63   -30:06:41.5   190    OGLE-BLG-RRLYR-41891   14.887   -99.99   0.5558642   5.6E-6   0.442   0.554    --       --      V   RRab   NGC6266-NV190   255.30258514145   7.6118    -30.11152837553   7.1354    6029365357572961024   99999.9999   99.9999   99999.999   99.999   99999.999   99.999   15.1561   0.0254   99.9999   9.9999   99.9999   9.9999   99.9999   0     61     35666.02    99.999     0.0             
  17:01:12.65   -30:07:19.9   141    OGLE-BLG-RRLYR-41892   15.125   -99.99   0.2993431   8.0E-7   0.283   0.2994   --       --      V   RRc    NGC6266-NV141   255.3026851889    0.2544    -30.12222299931   0.1409    6029365357572885888   0.932        0.3071    -1.875      0.322    -3.75       0.236    15.7283   0.0077   15.2321   0.017    13.8492   0.0667   1.3829    0     292    2998.95     3.563      7.15564916E-6   
  17:01:12.70   -30:07:21.8   138    OGLE-BLG-RRLYR-41894   14.775   -99.99   0.605205    3.1E-6   0.396   0.6051   --       --      V   RRab   NGC6266-NV138   255.30295566071   55.7971   -30.12274221086   29.366    6029365357572886016   99999.9999   99.9999   99999.999   99.999   99999.999   99.999   15.4322   0.0186   99.9999   9.9999   99.9999   9.9999   99.9999   0     48     455.34      99.999     0.0             
  17:01:12.70   -30:06:11.7   213    OGLE-BLG-RRLYR-41895   15.031   -99.99   0.585456    1.2E-6   0.493   0.5853   --       --      V   RRab   NGC6266-NV213   255.30290158445   1.4196    -30.10327838026   0.844     6029368415589554816   99999.9999   99.9999   99999.999   99.999   99999.999   99.999   15.6886   0.0097   15.6367   0.0247   14.3051   0.0139   1.3316    0     278    91163.06    2.293      0.0             
  17:01:12.74   -30:05:59.3   220    OGLE-BLG-RRLYR-41898   13.879   -99.99   0.4960787   4.1E-6   0.195   0.496    --       --      V   RRab   NGC6266-NV220   255.30311703498   2.4764    -30.09983380397   2.3689    6029368415591028864   99999.9999   99.9999   99999.999   99.999   99999.999   99.999   14.9786   0.0203   15.1889   0.0136   13.6734   0.0218   1.5155    1     74     42716.91    2.022      0.0             
  17:01:12.90   -30:07:25.7   133    OGLE-BLG-RRLYR-41901   15.076   -99.99   0.3155845   7.0E-7   0.228   0.3156   16.190   0.479   V   RRc    NGC6266-NV133   255.30373082008   0.4009    -30.12383884586   0.2139    6029365357572861440   0.5566       0.4165    -1.61       0.465    -2.186      0.349    15.8015   0.0076   15.6952   0.0238   14.3309   0.0103   1.3643    0     262    3256.21     2.459      3.88268368E-5   
  17:01:12.96   -30:09:05.4   32     OGLE-BLG-RRLYR-41903   15.253   -99.99   0.5479066   5.0E-7   0.651   0.5479   16.571   0.953   V   RRab   NGC6266-V32     255.30397812548   0.0895    -30.15151696609   0.0505    6029365048233800704   -0.0463      0.0892    -6.29       0.154    -3.579      0.089    16.1781   0.0123   16.607    0.0424   14.9644   0.0247   1.6426    0     305    473.64      1.797      0.548572889     
  17:01:12.97   -30:07:21.7   139    OGLE-BLG-RRLYR-41904   14.985   -99.99   0.5404515   3.1E-6   0.449   0.5405   --       --      V   RRab   NGC6266-NV139   255.30403403056   0.3273    -30.12273699767   0.2084    6029365357572852352   -0.132       0.4004    -7.072      0.558    -3.148      0.366    15.7478   0.0117   15.2295   0.032    13.8187   0.0158   1.4108    0     284    8291.34     3.7        0.521251856     
  17:01:13.02   -30:06:58.6   162    OGLE-BLG-RRLYR-41905   14.488   -99.99   0.6032133   4.0E-6   0.383   0.6032   --       --      V   RRab   NGC6266-NV162   255.30423997835   1.8855    -30.11631542559   0.6532    6029365357471852928   99999.9999   99.9999   99999.999   99.999   99999.999   99.999   14.5627   0.007    99.9999   9.9999   99.9999   9.9999   99.9999   0     190    65547.45    99.999     0.0             
  17:01:13.08   -30:07:03.4   155    OGLE-BLG-RRLYR-41906   15.005   -99.99   0.2706364   6.0E-7   0.263   0.271    --       --      V   RRc    NGC6266-NV155   255.30450078507   1.8451    -30.11766456002   2.89      6029365357572721664   99999.9999   99.9999   99999.999   99.999   99999.999   99.999   15.4334   0.0116   99.9999   9.9999   99.9999   9.9999   99.9999   0     137    14408.49    99.999     0.0             
  17:01:13.11   -30:06:48.1   178    OGLE-BLG-RRLYR-41907   13.881   -99.99   0.2890271   1.9E-6   0.099   0.407    --       --      V   RRc    NGC6266-NV178   255.30462467388   19.3633   -30.11338047181   9.7023    6029365357572913024   99999.9999   99.9999   99999.999   99.999   99999.999   99.999   14.2747   0.0162   99.9999   9.9999   99.9999   9.9999   99.9999   1     78     28950.71    99.999     0.0             
  17:01:13.12   -30:06:38.7   197    OGLE-BLG-RRLYR-41908   15.305   -99.99   0.3184184   2.9E-6   0.226   0.3183   --       --      V   RRc    NGC6266-NV197   255.30460329138   1.2082    -30.11093063138   1.1362    6029365460652075776   99999.9999   99.9999   99999.999   99.999   99999.999   99.999   15.0704   0.0091   99.9999   9.9999   99.9999   9.9999   99.9999   0     203    20284.66    99.999     0.0             
  17:01:13.13   -30:06:54.2   166    OGLE-BLG-RRLYR-41909   15.292   -99.99   0.2897794   1.4E-6   0.281   0.29     --       --      V   RRc    NGC6266-NV166   255.30473908044   6.7542    -30.11512980719   4.8685    6029365357572972800   99999.9999   99.9999   99999.999   99.999   99999.999   99.999   14.8817   0.0145   14.1161   0.0903   12.6197   0.0362   1.4963    0     184    898096.06   4.906      0.0             
  17:01:13.22   -30:06:06.2   215    OGLE-BLG-RRLYR-41911   15.244   -99.99   0.4614927   6.0E-7   0.978   0.4616   --       --      V   RRab   NGC6266-NV215   255.30505470637   1.4973    -30.10174710954   0.8912    6029368415488861696   99999.9999   99.9999   99999.999   99.999   99999.999   99.999   15.7207   0.0264   15.2251   0.0749   14.0485   0.026    1.1766    0     253    239326.03   3.145      0.0             
  17:01:13.29   -30:06:41.0   191    OGLE-BLG-RRLYR-41913   14.816   -99.99   0.5856327   1.2E-6   0.415   0.5857   --       --      V   RRab   NGC6266-NV191   255.30536600273   0.5855    -30.11140655304   0.351     6029365460652077056   -3.2931      0.6908    -4.728      1.011    -6.956      0.613    14.983    0.0109   99.9999   9.9999   99.9999   9.9999   99.9999   0     197    25450.58    99.999     4.53998911E-6   
  17:01:13.38   -30:06:44.6   183    OGLE-BLG-RRLYR-41915   13.875   -99.99   0.5687558   2.3E-6   0.177   0.5686   --       --      V   RRab   NGC6266-NV183   255.3057716899    1.7865    -30.11241161535   0.5144    6029365460652097408   99999.9999   99.9999   99999.999   99.999   99999.999   99.999   14.2662   0.009    13.6602   0.0361   12.1683   0.0182   1.4919    1     159    14452.86    4.223      0.0             
  17:01:13.66   -30:07:10.4   148    OGLE-BLG-RRLYR-41918   14.818   -99.99   0.5605607   1.2E-6   0.697   0.5606   --       --      V   RRab   NGC6266-NV148   255.30690899464   0.4181    -30.11958022077   0.2434    6029365357471925376   -1.1148      0.5083    -10.708     0.741    -5.339      0.441    15.4691   0.0198   15.1916   0.0527   13.7881   0.0463   1.4035    0     204    11002.4     2.95       0.0             
  17:01:13.68   -30:06:01.5   218    OGLE-BLG-RRLYR-41919   15.034   -99.99   0.4447447   1.9E-6   0.59    0.4447   16.095   1.249   V   RRab   NGC6266-NV218   255.30697191249   0.145     -30.10044290772   0.0839    6029368415591024000   0.5194       0.1553    -5.428      0.235    -3.541      0.144    15.7757   0.0145   15.695    0.0481   14.4875   0.0324   1.2075    0     323    1838.99     2.185      0.948052231     
  17:01:13.69   -30:05:22.6   94     OGLE-BLG-RRLYR-41920   17.197   -99.99   0.3181882   2.1E-6   0.439   0.3181   --       --      V   RRc    NGC6266-NV94    255.30695518379   1.2637    -30.08957061408   0.6615    6029368449848753152   99999.9999   99.9999   99999.999   99.999   99999.999   99.999   17.2015   0.0048   99.9999   9.9999   99.9999   9.9999   99.9999   0     229    1629.17     99.999     0.0             
  17:01:13.73   -30:06:25.7   202    OGLE-BLG-RRLYR-41922   15.364   -99.99   0.2709056   6.0E-7   0.251   0.2709   16.258   0.439   V   RRc    NGC6266-NV202   255.30721956882   0.5688    -30.10716330834   0.3239    6029365460652135680   7.8719       0.6654    -0.522      1.071    -0.773      0.593    15.7578   0.0094   15.0274   0.1015   13.6076   0.1881   1.4198    0     219    13989.2     4.524      4.83399857E-7   
  17:01:13.78   -30:06:18.6   209    OGLE-BLG-RRLYR-41923   15.013   -99.99   0.2883259   1.1E-6   0.239   0.2883   --       --      V   RRc    NGC6266-NV209   255.30739940143   0.4821    -30.1051919349    0.2371    6029365460551282560   -2.523       0.5712    -4.523      0.62     -5.508      0.406    15.6557   0.0094   15.3003   0.03     13.9472   0.0164   1.3531    0     230    7163.82     3.072      0.00113421102   
  17:01:13.81   -30:06:44.1   186    OGLE-BLG-RRLYR-41924   15.201   -99.99   0.3018912   8.0E-7   0.257   0.3025   --       --      V   RRc    NGC6266-NV186   255.30752815028   7.5102    -30.11228468796   5.2429    6029365460652183424   99999.9999   99.9999   99999.999   99.999   99999.999   99.999   15.3473   0.0164   99.9999   9.9999   99.9999   9.9999   99.9999   0     77     5344.79     99.999     0.0             
  17:01:13.87   -30:07:02.4   157    OGLE-BLG-RRLYR-41925   13.898   -99.99   0.7197472   3.1E-6   0.111   0.7195   --       --      V   RRab   NGC6266-NV157   255.30774743197   5.0024    -30.11732720865   2.8338    6029365357572735744   99999.9999   99.9999   99999.999   99.999   99999.999   99.999   14.8211   0.007    14.8014   0.0481   13.2688   0.0348   1.5326    1     72     231283.19   2.526      0.0             
  17:01:13.94   -30:06:51.6   172    OGLE-BLG-RRLYR-41927   14.991   -99.99   0.3132398   1.6E-6   0.218   0.3132   --       --      V   RRc    NGC6266-NV172   255.30808621732   1.3044    -30.11433289807   0.5836    6029365460652064640   99999.9999   99.9999   99999.999   99.999   99999.999   99.999   15.3883   0.0096   99.9999   9.9999   99.9999   9.9999   99.9999   0     196    51760.97    99.999     0.0             
  17:01:14.20   -30:07:09.2   83     OGLE-BLG-RRLYR-41929   15.159   -99.99   0.4677404   2.0E-7   0.846   0.4676   --       --      V   RRab   NGC6266-V83     255.30916562866   0.2818    -30.11925606258   0.1697    6029365357471764864   -0.0714      0.3239    -6.418      0.464    -3.182      0.287    15.7247   0.0175   99.9999   9.9999   99.9999   9.9999   99.9999   0     232    3577.62     99.999     0.843400637     
  17:01:14.33   -30:06:17.9   210    OGLE-BLG-RRLYR-41931   15.205   -99.99   0.4371962   4.0E-7   0.833   0.437    16.207   0.647   V   RRab   NGC6266-NV210   255.3096863585    0.1597    -30.10501193486   0.097     6029365460551283072   0.5568       0.1776    -5.245      0.252    -2.729      0.163    15.9257   0.0186   15.439    0.1019   14.1784   0.0487   1.2606    0     268    883.07      3.278      0.976241147     
  17:01:14.46   -30:06:58.3   161    OGLE-BLG-RRLYR-41932   12.113   -99.99   0.5571488   6.4E-6   0.031   0.5568   --       --      V   RRab   NGC6266-NV161   255.31023693819   0.1244    -30.11622191081   0.0701    6029365460652112512   0.5296       0.1224    -6.243      0.217    -2.418      0.118    13.1553   0.0018   13.8852   0.0134   11.9805   0.005    1.9047    1     247    1802.95     1.631      0.617951073     
  17:01:14.50   -30:04:00.3   7      OGLE-BLG-RRLYR-41933   14.978   -99.99   0.5639501   1.1E-6   0.578   0.564    16.044   0.946   V   RRab   NGC6266-V7      255.31039477451   0.0834    -30.06677460131   0.0434    6029391981963439744   -0.0292      0.0847    -4.868      0.125    -2.902      0.073    15.7779   0.0113   16.2302   0.0424   15.0427   0.0276   1.1874    0     319    391.31      1.322      0.982695938     
  17:01:14.54   -30:07:12.2   145    OGLE-BLG-RRLYR-41934   15.103   -99.99   0.5666828   3.0E-6   0.521   0.5665   --       --      V   RRab   NGC6266-NV145   255.31055432003   0.4296    -30.1200777934    0.2108    6029365288752289024   -2.7818      0.4207    0.135       0.512    -3.165      0.346    15.7951   0.0102   15.5145   0.0412   14.1017   0.0135   1.4128    0     244    3660.75     2.976      1.69937081E-10  
  17:01:14.57   -30:07:34.1   126    OGLE-BLG-RRLYR-41935   15.107   -99.99   0.5132318   3.4E-6   0.668   0.5133   --       --      V   RRab   NGC6266-NV126   255.31068796536   0.1723    -30.1261511896    0.1088    6029365288752216704   -1.8923      0.2259    -2.457      0.292    -5.686      0.19     15.9831   0.011    15.8441   0.0723   14.4572   0.0616   1.3869    0     294    1676.32     2.57       1.80378806E-11  
  17:01:14.72   -30:08:28.7   95     OGLE-BLG-RRLYR-41936   15.316   -99.99   0.4940876   1.0E-6   0.637   0.4941   16.609   1.226   V   RRab   NGC6266-NV95    255.31130279942   0.2617    -30.14131769941   0.1312    6029365048233857408   0.4399       0.2678    -5.153      0.35     -3.277      0.215    16.1923   0.0177   16.6652   0.0641   15.2371   0.0362   1.428     0     293    1569.25     1.501      0.97377141      
  17:01:14.74   -30:07:32.6   129    OGLE-BLG-RRLYR-41937   14.816   -99.99   0.3291905   1.0E-6   0.183   0.3292   --       --      V   RRc    NGC6266-NV129   255.31139063405   0.7052    -30.12573232713   0.3606    6029365288752225920   0.6577       0.8353    -3.112      1.001    -1.39       0.622    15.7934   0.0106   15.7551   0.021    14.3309   0.0128   1.4242    1     289    21668.97    2.398      0.300534791     
  17:01:14.80   -30:09:43.6   119    OGLE-BLG-RRLYR-41938   15.411   -99.99   0.3191559   5.0E-7   0.255   0.3191   16.678   0.397   V   RRc    NGC6266-NV119   255.31165720052   0.3283    -30.162136859     0.2269    6029364601557037952   -1.3755      0.3626    -2.567      0.628    -3.923      0.385    16.2292   0.0076   16.7031   0.0244   15.3102   0.0263   1.3929    0     282    5985.98     1.467      0.0517654126    
  17:01:15.20   -30:07:22.9   136    OGLE-BLG-RRLYR-41940   14.927   -99.99   0.6261283   9.0E-7   0.568   0.6258   16.227   0.878   V   RRab   NGC6266-NV136   255.313333302     0.1915    -30.12306957044   0.1064    6029365288752242304   2.984        0.1981    2.448       0.348    2.095       0.192    15.8205   0.0133   15.6731   0.0521   14.225    0.0292   1.4481    0     243    1611.0      2.692      0.0             
  17:01:15.22   -30:07:20.9   140    OGLE-BLG-RRLYR-41941   15.005   -99.99   0.3837808   2.1E-6   0.259   0.383    16.097   0.427   V   RRc    NGC6266-NV140   255.31340413989   0.2444    -30.12250098161   0.1233    6029365288752241792   -0.2625      0.2563    -1.322      0.36     -1.766      0.208    15.6832   0.008    15.3049   0.0346   14.2049   0.0207   1.1       0     260    2356.54     2.701      1.39229919E-8   
  17:01:15.29   -30:06:44.3   185    OGLE-BLG-RRLYR-41943   15.016   -99.99   0.5908872   2.7E-6   0.37    0.591    --       --      V   RRab   NGC6266-NV185   255.31370582889   0.5996    -30.11233219123   0.3879    6029365460551127296   -0.2085      0.6844    -8.384      1.049    -2.646      0.671    15.6729   0.015    99.9999   9.9999   99.9999   9.9999   99.9999   0     122    8065.45     99.999     0.614856838     
  17:01:15.37   -30:06:15.7   212    OGLE-BLG-RRLYR-41944   14.998   -99.99   0.6075342   1.0E-6   0.315   0.6072   --       --      V   RRab   NGC6266-NV212   255.31403291337   0.6375    -30.10439730443   0.3611    6029365460551272064   1.9151       0.7645    -10.709     1.237    -1.915      0.707    15.7068   0.0098   15.3744   0.0414   14.0059   0.0159   1.3685    0     278    29927.89    3.036      0.0             
  17:01:15.42   -30:06:53.7   167    OGLE-BLG-RRLYR-41945   14.677   -99.99   0.6301337   1.8E-6   0.339   0.63     --       --      V   RRab   NGC6266-NV167   255.31423627755   2.7579    -30.11494643232   1.5069    6029365460551146112   99999.9999   99.9999   99999.999   99.999   99999.999   99.999   15.3393   0.0109   15.3294   0.0329   13.8379   0.0086   1.4916    0     229    38875.89    2.438      0.0             
  17:01:15.43   -30:06:40.9   193    OGLE-BLG-RRLYR-41946   14.436   -99.99   0.3198807   1.0E-6   0.124   0.3198   --       --      V   RRc    NGC6266-NV193   255.31429192223   2.0132    -30.11133352536   1.3042    6029365460651933056   99999.9999   99.9999   99999.999   99.999   99999.999   99.999   15.4121   0.0158   15.0759   0.022    13.7962   0.0141   1.2797    1     80     23583.48    2.886      0.0             
  17:01:15.52   -30:06:25.6   201    OGLE-BLG-RRLYR-41948   15.367   -99.99   0.250717    5.0E-7   0.263   0.2507   --       --      V   RRc    NGC6266-NV201   255.31467037263   0.453     -30.10715609178   0.4234    6029365460551217280   99999.9999   99.9999   99999.999   99.999   99999.999   99.999   15.8614   0.0088   15.2971   0.0782   14.0206   0.0767   1.2766    0     103    361.79      3.554      0.0             
  17:01:15.58   -30:06:34.3   199    OGLE-BLG-RRLYR-41949   14.954   -99.99   0.5568711   7.0E-7   0.5     0.5568   --       --      V   RRab   NGC6266-NV199   255.3149230867    0.254     -30.10955975409   0.1586    6029365460551204864   -0.7918      0.3365    -6.283      0.434    -4.695      0.277    15.6614   0.0113   15.5649   0.1132   14.2509   0.0546   1.314     0     253    3485.36     2.363      0.0152889057    
  17:01:15.63   -30:08:22.0   96     OGLE-BLG-RRLYR-41950   15.316   -99.99   0.4664129   4.0E-7   0.834   0.4663   16.615   1.257   V   RRab   NGC6266-NV96    255.31510765398   0.2354    -30.13946118968   0.1394    6029365082694727808   -1.0397      0.2539    -5.588      0.413    -3.461      0.234    16.2246   0.0181   16.6381   0.059    15.2585   0.0355   1.3797    0     309    1902.72     1.538      0.948820112     
  17:01:15.69   -30:04:50.1   56     OGLE-BLG-RRLYR-41951   15.058   -99.99   0.5616759   6.0E-7   0.55    0.5616   16.249   0.857   V   RRab   NGC6266-V56     255.31536114724   0.0759    -30.08061756223   0.0417    6029368445542663168   0.1397       0.0772    -5.018      0.115    -3.203      0.07     15.8731   0.0106   16.2367   0.0367   14.999    0.0227   1.2377    0     318    305.01      1.477      0.981381659     
  17:01:15.74   -30:06:42.7   189    OGLE-BLG-RRLYR-41952   15.034   -99.99   0.5616305   2.5E-6   0.436   0.5617   --       --      V   RRab   NGC6266-NV189   255.31557876022   2.1576    -30.11189146821   2.0658    6029365460551180288   99999.9999   99.9999   99999.999   99.999   99999.999   99.999   15.677    0.0237   15.4157   0.0438   14.0264   0.056    1.3892    0     103    17205.58    2.881      0.0             
  17:01:16.07   -30:06:40.2   194    OGLE-BLG-RRLYR-41953   14.411   -99.99   0.5057004   1.3E-6   0.353   0.505    --       --      V   RRab   NGC6266-NV194   255.31692996167   2.0838    -30.11119537961   1.192     6029365460553537152   99999.9999   99.9999   99999.999   99.999   99999.999   99.999   15.3685   0.0209   15.366    0.0457   14.0385   0.0188   1.3276    0     134    94473.71    2.185      0.0             
  17:01:16.14   -30:06:42.5   1      OGLE-BLG-RRLYR-41954   14.983   -99.99   0.5046902   7.0E-7   0.843   0.5047   --       --      V   RRab   NGC6266-V1      255.31722311261   0.295     -30.11182368209   0.1845    6029365460551165568   -1.7123      0.3406    -6.002      0.479    -5.977      0.311    15.6702   0.0175   14.9831   0.0685   14.0456   0.0034   0.9375    0     196    3690.2      3.283      2.28901358E-7   
  17:01:16.36   -30:06:06.6   214    OGLE-BLG-RRLYR-41956   15.039   -99.99   0.5873898   1.9E-6   0.513   0.587    16.299   0.776   V   RRab   NGC6266-NV214   255.31817280659   0.1607    -30.10184616871   0.069     6029365490604930048   0.4786       0.1538    -5.284      0.168    -3.238      0.113    15.8815   0.0116   16.029    0.0322   14.6766   0.0182   1.3525    0     246    410.97      1.932      0.977478867     
  17:01:16.46   -30:06:51.4   171    OGLE-BLG-RRLYR-41960   15.008   -99.99   0.6479952   2.6E-6   0.144   0.6482   16.246   0.254   V   RRab   NGC6266-NV171   255.31855290904   0.1561    -30.11431101847   0.0947    6029365391932733696   0.4198       0.1978    -3.638      0.275    -2.696      0.168    15.7847   0.0053   15.8645   0.0231   14.5116   0.0149   1.3529    0     171    721.87      2.057      0.673575808     
  17:01:16.64   -30:06:17.8   211    OGLE-BLG-RRLYR-41961   15.099   -99.99   0.3327551   8.0E-7   0.247   0.3327   --       --      V   RRc    NGC6266-NV211   255.31933303718   0.194     -30.10496545531   0.1078    6029365460553804672   0.5554       0.2041    -10.579     0.299    -1.427      0.178    15.8324   0.0074   15.8946   0.0209   14.6653   0.0124   1.2293    0     287    1525.26     1.94       0.0             
  17:01:16.77   -30:04:47.9   57     OGLE-BLG-RRLYR-41964   15.063   -99.99   0.5565006   9.0E-7   0.478   0.5564   16.235   0.854   V   RRab   NGC6266-V57     255.31988416479   0.0741    -30.07998242893   0.0416    6029391913243973376   0.0804       0.0774    -4.502      0.117    -3.075      0.071    15.9228   0.0103   16.3984   0.0368   15.1189   0.0321   1.2795    0     334    320.85      1.366      0.971698154     
  17:01:17.00   -30:08:45.7   98     OGLE-BLG-RRLYR-41966   15.279   -99.99   0.5620151   1.1E-6   0.605   0.562    16.670   0.878   V   RRab   NGC6266-NV98    255.32082392796   0.086     -30.14604041781   0.0564    6029365078288073728   0.004        0.1019    -5.485      0.164    -3.411      0.097    16.2064   0.0124   16.6802   0.041    15.2116   0.0293   1.4686    0     250    367.44      1.539      0.960248309     
  17:01:17.03   -30:07:04.5   152    OGLE-BLG-RRLYR-41967   15.036   -99.99   0.3031785   5.0E-7   0.218   0.3032   --       --      V   RRc    NGC6266-NV152   255.32093689875   0.4346    -30.11795187989   0.2434    6029365391831450880   -2.0049      0.502     -0.799      0.845    -5.46       0.48     15.8053   0.0085   15.6456   0.0311   14.5725   0.0174   1.0731    1     255    10276.48    2.175      7.27399872E-7   
  17:01:17.03   -30:06:50.6   175    OGLE-BLG-RRLYR-41968   15.312   -99.99   0.2816712   5.0E-7   0.286   0.2816   16.372   0.516   V   RRc    NGC6266-NV175   255.32097194602   0.1577    -30.11408708881   0.1062    6029365391831519488   -0.3943      0.1988    -3.65       0.291    -4.753      0.197    15.9384   0.0088   16.0315   0.0311   14.7327   0.0172   1.2988    0     235    971.67      1.966      9.43144629E-4   
  17:01:17.39   -30:11:08.1   113    OGLE-BLG-RRLYR-41969   15.223   -99.99   0.4765065   2.0E-7   0.815   0.478    16.404   1.221   V   RRab   NGC6266-NV113   255.32244935781   0.0652    -30.18559615607   0.0389    6029363841330527232   0.0704       0.0719    -5.247      0.124    -2.838      0.069    16.1046   0.0184   16.5771   0.0633   15.2713   0.0406   1.3058    0     312    310.93      1.392      0.98123312      
  17:01:17.40   -30:04:40.3   225    OGLE-BLG-RRLYR-41971   13.914   -99.99   0.2886005   1.2E-6   0.081   0.2884   15.353   0.252   V   RRc    NGC6266-NV225   255.32250287153   1.2444    -30.07790836797   0.7728    6029391913243976320   99999.9999   99.9999   99999.999   99.999   99999.999   99.999   14.9819   0.006    15.447    0.0178   13.9587   0.0092   1.4884    0     307    303063.88   1.571      0.0             
  17:01:17.49   -30:05:41.6   97     OGLE-BLG-RRLYR-41973   15.063   -99.99   0.5509242   6.0E-7   0.525   0.551    16.262   0.883   V   RRab   NGC6266-NV97    255.32285186734   0.1093    -30.09490241095   0.0778    6029365490605171840   0.2315       0.1626    -3.665      0.197    -2.069      0.134    15.8976   0.0114   16.1213   0.0427   14.9333   0.0232   1.188     0     303    763.59      1.632      0.192314965     
  17:01:17.52   -30:07:27.4   24     OGLE-BLG-RRLYR-41974   15.174   -99.99   0.5225408   4.0E-7   0.661   0.5223   16.422   1.121   V   RRab   NGC6266-V24     255.32299285955   0.2278    -30.12431649469   0.1303    6029365391831358336   -0.6053      0.176     0.006       0.378    -2.333      0.208    16.0493   0.0138   16.3071   0.0416   14.8626   0.0222   1.4444    0     285    1073.06     1.849      1.01646344E-13  
  17:01:17.56   -30:04:46.0   223    OGLE-BLG-RRLYR-41976   15.126   -99.99   0.5326031   4.0E-7   0.677   0.5325   16.305   1.026   V   RRab   NGC6266-NV223   255.32316148388   0.0836    -30.07945588641   0.0507    6029391913243978752   0.0776       0.0872    -4.521      0.124    -2.857      0.085    15.9683   0.0146   16.3597   0.0571   15.1087   0.0303   1.2511    0     299    381.76      1.452      0.97243042      
  17:01:17.61   -30:08:35.7   99     OGLE-BLG-RRLYR-41977   15.23    -99.99   0.6030859   3.4E-6   0.353   0.6028   16.644   0.410   V   RRab   NGC6266-NV99    255.32337183848   0.0823    -30.14328360872   0.0528    6029365082593477504   0.0174       0.0962    -5.733      0.14     -3.19       0.09     16.1749   0.0075   16.6559   0.0257   15.1766   0.0148   1.4793    0     282    352.12      1.539      0.955607703     
  17:01:17.66   -30:06:36.9   22     OGLE-BLG-RRLYR-41978   15.097   -99.99   0.5013329   2.6E-6   0.665   0.5013   --       --      V   RRab   NGC6266-V22     255.3235854261    0.183     -30.11026592543   0.1108    6029365391831535360   0.3378       0.2151    -5.598      0.296    -3.607      0.194    15.7087   0.0166   15.7221   0.0473   14.4912   0.0262   1.2309    0     214    1277.54     2.032      0.923835682     
  17:01:17.68   -30:09:56.2   45     OGLE-BLG-RRLYR-41979   15.453   -99.99   0.5173206   3.0E-7   0.694   0.5169   --       --      V   RRab   NGC6266-V45     255.32366865655   0.0874    -30.16564074645   0.0512    6029364979514073856   0.1384       0.0919    -5.623      0.162    -2.617      0.087    16.4717   0.0138   16.9255   0.0459   15.3561   0.0305   1.5695    0     307    317.74      1.673      0.952944423     
  17:01:17.89   -30:07:17.4   142    OGLE-BLG-RRLYR-41980   15.315   -99.99   0.2757483   1.4E-6   0.308   0.2758   --       --      V   RRc    NGC6266-NV142   255.32450895787   0.207     -30.12152811219   0.2058    6029365387525724288   -0.7809      0.1923    -6.462      0.406    -4.122      0.352    15.9997   0.0078   99.9999   9.9999   99.9999   9.9999   99.9999   0     186    403.45      99.999     0.287610774     
  17:01:18.63   -30:07:26.9   131    OGLE-BLG-RRLYR-41983   15.326   -99.99   0.3131697   6.0E-7   0.259   0.3132   16.530   0.431   V   RRc    NGC6266-NV131   255.32760642728   0.0862    -30.1241604523    0.0482    6029365185672887040   0.0696       0.0954    -5.504      0.157    -2.899      0.089    16.1783   0.0073   99.9999   9.9999   99.9999   9.9999   99.9999   0     282    352.2       99.999     0.974753843     
  17:01:18.81   -30:07:32.8   128    OGLE-BLG-RRLYR-41984   15.515   -99.99   0.2503419   1.2E-6   0.172   0.2504   16.692   0.359   V   RRc    NGC6266-NV128   255.32835312206   0.152     -30.12580320136   0.0724    6029365181367300224   -0.3453      0.1661    -4.726      0.204    -4.385      0.123    16.3075   0.0051   16.7116   0.0178   15.4401   0.0107   1.2715    0     277    535.48      1.452      0.143162034     
  17:01:18.83   -30:09:50.6   52     OGLE-BLG-RRLYR-41985   15.422   -99.99   0.5045347   6.0E-7   0.714   0.5054   --       --      V   RRab   NGC6266-V52     255.32842982256   0.0725    -30.16407716731   0.0456    6029364979615403008   0.0721       0.0778    -5.227      0.138    -3.207      0.078    16.4421   0.0132   16.9498   0.0453   15.4959   0.031    1.4539    0     307    309.64      1.478      0.979823457     
  17:01:19.33   -30:08:44.0   101    OGLE-BLG-RRLYR-41991   15.316   -99.99   0.3055753   4.0E-7   0.215   0.3055   16.516   0.397   V   RRc    NGC6266-NV101   255.33053628131   0.0939    -30.14557516617   0.0541    6029365013873931008   -0.1935      0.0853    -3.365      0.181    -2.677      0.089    16.1675   0.0064   16.6263   0.0235   15.3093   0.0227   1.3169    0     291    321.31      1.42       0.238072167     
  17:01:19.53   -30:08:56.1   103    OGLE-BLG-RRLYR-41992   15.36    -99.99   0.483625    2.4E-6   0.572   0.4836   16.655   0.611   V   RRab   NGC6266-NV103   255.33136097495   0.0831    -30.14894239759   0.05      6029365009568611968   0.6529       0.0874    -4.596      0.149    -2.418      0.085    16.2798   0.0118   16.6884   0.0424   15.2684   0.028    1.42      0     319    367.15      1.585      0.943877527     
  17:01:19.79   -30:05:58.6   100    OGLE-BLG-RRLYR-41994   15.321   -99.99   0.2664845   3.0E-7   0.283   0.2665   16.370   0.490   V   RRc    NGC6266-NV100   255.33242386439   0.0818    -30.09962892801   0.05      6029365426191441664   -0.1291      0.081     -4.519      0.135    -3.311      0.085    16.0647   0.0086   16.2236   0.0272   15.135    0.0189   1.0885    0     268    270.32      1.636      0.962752034     
  17:01:20.11   -30:05:36.6   102    OGLE-BLG-RRLYR-41996   14.958   -99.99   0.630921    1.0E-6   0.339   0.6307   16.174   0.541   V   RRab   NGC6266-NV102   255.33377127163   0.1195    -30.09351316446   0.0715    6029388962692889600   -0.2933      0.1336    -5.187      0.202    -3.306      0.125    15.7802   0.0064   16.2213   0.0246   14.9404   0.0148   1.2808    0     316    791.26      1.412      0.975918857     
  17:01:20.20   -30:04:00.2   228    OGLE-BLG-RRLYR-41997   15.01    -99.99   0.6416882   2.2E-6   0.2     0.6417   16.253   0.322   V   RRab   NGC6266-NV228   255.33414465502   0.101     -30.06673033513   0.0493    6029391947603726592   0.0585       0.1044    -4.38       0.117    -3.014      0.081    15.8777   0.0045   16.4367   0.018    15.1021   0.0153   1.3347    0     316    280.04      1.308      0.963728934     
  17:01:20.46   -30:06:37.8   104    OGLE-BLG-RRLYR-42000   15.054   -99.99   0.6309217   2.4E-6   0.143   0.6307   16.380   0.221   V   RRab   NGC6266-NV104   255.33525472604   0.1278    -30.11054070669   0.0726    6029365426292159616   1.1329       0.1463    -2.804      0.209    -2.435      0.123    15.9287   0.0046   16.3485   0.0139   14.9726   0.0112   1.376     0     210    565.39      1.526      0.00484674972   
  17:01:20.84   -30:05:59.9   105    OGLE-BLG-RRLYR-42004   15.169   -99.99   0.5205011   4.0E-7   0.778   0.5205   16.351   1.162   V   RRab   NGC6266-NV105   255.33682661827   0.1396    -30.10000010518   0.0898    6029388893972811136   0.161        0.17      -4.377      0.246    -2.781      0.161    16.0196   0.0168   16.4296   0.063    15.1408   0.0384   1.2889    0     271    979.38      1.46       0.959640316     
  17:01:20.99   -30:03:53.0   229    OGLE-BLG-RRLYR-42006   15.199   -99.99   0.2790535   1.9E-6   0.15    0.2773   16.106   0.248   V   RRc    NGC6266-NV229   255.33745107447   0.0723    -30.06473300328   0.0408    6029391951989626112   0.1446       0.0743    -4.956      0.112    -2.819      0.07     15.8854   0.0045   16.2451   0.0165   15.2105   0.0105   1.0346    0     312    268.65      1.32       0.982473283     
  17:01:21.06   -30:05:28.4   21     OGLE-BLG-RRLYR-42007   15.196   -99.99   0.4502983   4.0E-7   0.897   0.4502   16.267   1.301   V   RRab   NGC6266-V21     255.33774259289   0.09      -30.0912461846    0.0512    6029388958306491520   0.2483       0.0936    -4.565      0.159    -3.199      0.089    16.1183   0.0144   16.4486   0.0432   15.1871   0.0368   1.2615    0     273    334.94      1.545      0.971342036     
  17:01:21.14   -30:08:30.5   63     OGLE-BLG-RRLYR-42009   15.141   -99.99   0.6421657   1.7E-6   0.385   0.6421   16.547   0.612   V   RRab   NGC6266-V63     255.3380873703    0.0774    -30.14182585698   0.0435    6029365112647835904   0.2974       0.075     -4.465      0.139    -2.901      0.074    16.0999   0.0078   16.6399   0.0316   15.2044   0.0189   1.4354    0     344    358.21      1.418      0.970033627     
  17:01:22.09   -30:06:03.3   106    OGLE-BLG-RRLYR-42011   15.168   -99.99   0.5036898   3.3E-6   0.629   0.5037   16.359   1.153   V   RRab   NGC6266-NV106   255.34205371616   0.123     -30.10094170842   0.0702    6029388893898293888   0.5072       0.1181    -4.03       0.191    -1.901      0.119    16.0936   0.0131   16.5252   0.0458   15.1804   0.0302   1.3448    0     271    531.11      1.481      0.285729524     
  17:01:22.15   -30:07:10.6   107    OGLE-BLG-RRLYR-42012   15.181   -99.99   0.5727145   6.0E-7   0.446   0.5728   16.541   0.680   V   RRab   NGC6266-NV107   255.34228755292   0.0839    -30.11965255899   0.0566    6029365220032534400   0.0638       0.096     -5.24       0.137    -3.147      0.097    16.1185   0.0107   16.5002   0.0361   15.1044   0.0198   1.3959    0     302    337.05      1.6        0.980841931     
  17:01:22.27   -30:05:14.1   59     OGLE-BLG-RRLYR-42013   15.072   -99.99   0.5793928   6.0E-7   0.546   0.5791   16.250   0.871   V   RRab   NGC6266-V59     255.34279151196   0.0765    -30.08726250883   0.04      6029388958306494080   0.3557       0.0807    -4.936      0.125    -3.292      0.07     15.8791   0.0117   16.3688   0.0442   15.0519   0.0263   1.3168    0     283    234.41      1.38       0.978013992     
  17:01:22.28   -30:06:38.6   108    OGLE-BLG-RRLYR-42014   15.347   -99.99   0.2988306   4.0E-7   0.269   0.2988   16.468   0.442   V   RRc    NGC6266-NV108   255.34283547889   0.1115    -30.11073629881   0.0539    6029365215727055744   -0.2559      0.1159    -6.243      0.163    -4.462      0.093    16.152    0.0082   16.5776   0.0337   15.3378   0.0276   1.2398    0     235    280.61      1.397      0.00657037483   
  17:01:22.29   -30:04:58.5   69     OGLE-BLG-RRLYR-42015   15.2     -99.99   0.3136033   5.0E-7   0.254   0.3136   16.249   0.417   V   RRc    NGC6266-V69     255.34284849455   0.0839    -30.0829422618    0.0437    6029388996977617792   0.5994       0.0862    -4.504      0.138    -2.389      0.076    15.9594   0.0075   16.3411   0.0282   15.2039   0.0225   1.1372    0     281    336.67      1.37       0.928452639     
  17:01:22.87   -29:58:52.3   46     OGLE-BLG-RRLYR-42020   15.82    -99.99   0.5387276   1.8E-6   0.752   0.5387   17.14    0.98    P   RRab   NGC6266-V46     255.34527906363   0.0825    -29.98120885555   0.0465    6029392845342995200   0.1247       0.0914    -7.009      0.147    -5.057      0.08     16.5588   0.014    16.961    0.0568   15.9025   0.0323   1.0586    0     327    307.83      1.286      1.0428513E-7    
  17:01:22.93   -30:04:08.6   20     OGLE-BLG-RRLYR-42021   15.068   -99.99   0.4719103   4.0E-7   0.823   0.472    16.099   1.252   V   RRab   NGC6266-V20     255.34554510931   0.0716    -30.06907817874   0.0376    6029388992666234624   0.0691       0.0791    -4.807      0.104    -3.241      0.065    15.9521   0.0125   16.3483   0.0467   15.0937   0.0402   1.2545    0     335    313.41      1.448      0.978310213     
  17:01:23.43   -30:07:22.4   109    OGLE-BLG-RRLYR-42028   15.169   -99.99   0.6076959   1.0E-6   0.48    0.6078   16.525   0.700   V   RRab   NGC6266-NV109   255.34758961774   0.0718    -30.12290895376   0.0483    6029365220032464384   0.1235       0.0819    -4.321      0.157    -2.575      0.091    16.1219   0.0111   16.6215   0.0414   15.1582   0.029    1.4634    0     275    296.78      1.498      0.936635721     
  17:01:23.72   -30:08:32.4   49     OGLE-BLG-RRLYR-42030   15.212   -99.99   0.5434483   5.0E-7   0.634   0.5434   16.524   0.962   V   RRab   NGC6266-V49     255.34879804261   0.0862    -30.14235726454   0.0521    6029365112670196224   0.0961       0.0872    -5.157      0.161    -3.366      0.092    16.1234   0.0145   16.609    0.0593   15.2659   0.0341   1.3431    0     317    505.61      1.407      0.973901448     
  17:01:23.82   -30:10:29.9   115    OGLE-BLG-RRLYR-42032   15.417   -99.99   0.2691919   4.0E-7   0.303   0.269    16.529   0.519   V   RRc    NGC6266-NV115   255.34922542807   0.0685    -30.17500117132   0.0429    6029364189341379584   0.107        0.0744    -5.015      0.13     -2.971      0.075    16.1961   0.0075   16.6827   0.0271   15.5173   0.0184   1.1654    0     336    324.86      1.264      0.983776075     
  17:01:24.11   -29:59:52.4   68     OGLE-BLG-RRLYR-42035   15.065   -99.99   0.3098524   4.0E-7   0.258   0.2353   16.31    0.52    P   RRc    NGC6266-V68     255.35043664451   0.0708    -29.9979162469    0.0394    6029392776623481216   0.2661       0.0686    -5.572      0.127    -2.78       0.066    15.7253   0.0074   16.111    0.0288   15.1218   0.025    0.9891    0     333    323.87      1.257      0.968226523     
  17:01:24.69   -30:06:54.2   110    OGLE-BLG-RRLYR-42041   15.305   -99.99   0.3354212   6.0E-7   0.261   0.3354   16.483   0.417   V   RRc    NGC6266-NV110   255.35287736781   0.0838    -30.11507199899   0.0484    6029388687814313728   0.2175       0.0927    -5.146      0.139    -3.353      0.083    16.1486   0.0083   16.606    0.0308   15.3292   0.0208   1.2768    0     228    243.02      1.387      0.975022683     
  17:01:24.74   -30:08:00.3   25     OGLE-BLG-RRLYR-42042   15.373   -99.99   0.4458883   3.0E-7   0.898   0.4459   16.626   1.292   V   RRab   NGC6266-V25     255.35305034343   0.0899    -30.13345409732   0.0531    6029365151414138624   0.0842       0.093     -5.804      0.158    -2.624      0.098    16.2923   0.0215   16.81     0.085    15.4401   0.0559   1.3698    0     253    283.96      1.389      0.928049615     
  17:01:24.74   -30:06:32.9   29     OGLE-BLG-RRLYR-42043   15.152   -99.99   0.5652645   3.0E-7   0.819   0.5653   16.396   1.184   V   RRab   PU-Oph          255.35308093678   0.1821    -30.1091825126    0.1902    6029388687815881344   0.0495       0.1998    -5.931      0.801    -2.891      0.439    15.9663   0.0301   16.398    0.1206   15.003    0.0885   1.395     0     64     60.49       1.527      0.941651166     
  17:01:24.76   -30:09:53.4   118    OGLE-BLG-RRLYR-42045   15.337   -99.99   0.2988412   4.0E-7   0.264   0.2987   16.468   0.455   V   RRc    NGC6266-NV118   255.35316221613   0.0673    -30.16485730796   0.0414    6029364184934916096   0.3025       0.0694    -5.441      0.13     -3.085      0.073    16.1528   0.0073   16.6444   0.0282   15.4308   0.0185   1.2136    0     318    319.28      1.295      0.977386175     
  17:01:25.47   -30:10:26.1   116    OGLE-BLG-RRLYR-42047   15.084   -99.99   0.6156489   1.0E-6   0.269   0.615    16.384   0.390   V   RRab   NGC6266-NV116   255.35612614128   0.0639    -30.17395181851   0.0411    6029364189239923712   0.044        0.0678    -5.136      0.118    -2.863      0.072    15.9871   0.0056   16.3361   0.022    14.5321   0.0218   1.804     0     344    355.59      2.159      0.982843969     
  17:01:26.41   -29:56:21.0   76     OGLE-BLG-RRLYR-42049   14.748   -99.99   0.6153996   7.0E-7   0.383   0.6152   16.18    0.74    P   RRab   NGC6266-V76     255.36002087926   0.0462    -29.93918301574   0.0274    6029395280493111936   0.1075       0.0485    -5.137      0.092    -2.972      0.049    15.4105   0.0079   15.8249   0.0303   14.7797   0.0227   1.0452    0     339    268.54      1.262      0.983857347     
  17:01:26.58   -30:11:39.8   64     OGLE-BLG-RRLYR-42051   15.316   -99.99   0.2496705   4.0E-7   0.195   0.473    16.157   0.592   V   RRc    -99.99          255.36075479231   0.0788    -30.19440413025   0.0509    6029363948823175168   -0.1691      0.0914    -4.502      0.152    -3.646      0.091    16.0848   0.0054   16.5189   0.0212   15.4391   0.0128   1.0798    0     328    462.74      1.264      0.901441334     
  17:01:29.35   -30:03:36.7   61     OGLE-BLG-RRLYR-42064   15.506   -99.99   0.2659309   4.0E-7   0.306   0.266    --       --      V   RRc    NGC6266-V61     255.37227907667   0.0787    -30.06020632646   0.0434    6029389061379365120   0.1463       0.0891    -5.456      0.13     -5.691      0.075    16.1941   0.008    16.5629   0.0283   15.5571   0.0203   1.0058    0     317    318.27      1.288      9.14327814E-9   
  17:01:31.21   -30:05:01.7   62     OGLE-BLG-RRLYR-42075   15.076   -99.99   0.5482516   6.0E-7   0.614   0.5481   16.230   0.958   V   RRab   NGC6266-V62     255.3800164757    0.0704    -30.08383777513   0.0375    6029388820889756544   0.1219       0.0755    -4.61       0.127    -3.386      0.069    15.9404   0.0118   16.4716   0.0465   15.2021   0.028    1.2694    0     333    339.13      1.29       0.962689842     
  17:01:34.10   -30:06:12.7   77     OGLE-BLG-RRLYR-42091   15.303   -99.99   0.3193604   5.0E-7   0.263   0.319    16.427   0.405   V   RRd    NGC6266-V77     255.39206909551   0.0684    -30.10354849353   0.0398    6029388756459108992   0.1608       0.0742    -4.867      0.124    -3.154      0.069    16.1448   0.0064   16.6608   0.0249   15.429    0.0157   1.2318    0     309    275.81      1.28       0.981360738     
  17:01:34.64   -30:07:20.1   50     OGLE-BLG-RRLYR-42092   15.271   -99.99   0.5029494   6.0E-7   0.793   0.5026   --       --      V   RRab   NGC6266-V50     255.39431631788   0.0716    -30.12228332077   0.0413    6029387897465549056   0.0232       0.08      -5.258      0.136    -3.229      0.075    16.2707   0.0136   16.8468   0.0487   15.4332   0.0325   1.4136    0     328    379.03      1.353      0.978754904     
  17:01:34.82   -30:04:41.1   224    OGLE-BLG-RRLYR-42095   15.884   -99.99   0.3195306   9.0E-7   0.244   0.3196   16.952   0.417   V   RRc    NGC6266-NV224   255.39505004916   0.1098    -30.07810389938   0.0574    6029388855227296896   0.2159       0.1173    -0.458      0.174    -6.046      0.1      16.6775   0.0069   17.1723   0.0257   15.9685   0.0165   1.2037    0     314    430.25      1.283      1.38450899E-27  
  17:01:35.20   -30:01:07.6   ""     OGLE-BLG-RRLYR-42098   14.83    -99.99   0.5659758   4.0E-7   0.832   ""       ""       ""      ""  RRab   PX-Oph          255.39667273614   0.061     -30.01876207542   0.0345    6029389645495269760   0.0557       0.0613    -4.654      0.1      -2.838      0.058    15.5671   0.0165   16.0      0.0646   14.9079   0.0421   1.0922    0     339    326.58      1.274      0.97789728      
  17:01:35.42   -30:03:32.5   51     OGLE-BLG-RRLYR-42100   15.264   -99.99   0.2618368   4.0E-7   0.29    0.2618   --       --      V   RRc    NGC6266-V51     255.39755491814   0.0713    -30.05903574922   0.0401    6029389233178105856   0.1717       0.0697    -4.888      0.122    -3.035      0.068    16.0235   0.0077   16.4633   0.0295   15.3909   0.0192   1.0724    0     327    303.72      1.252      0.983078296     
  17:01:36.58   -30:00:13.1   60     OGLE-BLG-RRLYR-42108   15.05    -99.99   0.2866281   5.0E-7   0.288   0.2866   16.26    0.54    P   RRc    NGC6266-V60     255.40241841769   0.0604    -30.00361989179   0.0345    6029392634792649856   0.1311       0.0594    -4.897      0.101    -2.669      0.058    15.6457   0.0077   16.001    0.0292   15.1037   0.0226   0.8973    0     335    295.17      1.23       0.978045216     
  17:01:38.89   -30:03:52.8   78     OGLE-BLG-RRLYR-42121   15.107   -99.99   0.6214583   2.0E-6   0.399   0.6217   16.362   0.613   V   RRab   NGC6266-V78     255.41201564193   0.0734    -30.06468435358   0.0418    6029389203210407296   0.052        0.0739    -5.112      0.135    -2.776      0.074    16.0495   0.0072   16.6584   0.0301   15.2455   0.0198   1.413     0     301    253.08      1.312      0.981318514     
  17:01:38.98   -30:09:32.2   120    OGLE-BLG-RRLYR-42122   15.333   -99.99   0.4888372   4.0E-7   0.838   0.489    --       1.271   V   RRab   NGC6266-NV120   255.41240420089   0.0664    -30.15896214272   0.0392    6029387515190440448   0.1222       0.0712    -6.611      0.127    -10.38      0.07     16.2482   0.0182   16.8474   0.0612   15.4988   0.0449   1.3486    0     316    279.06      1.272      0.0             
  17:01:41.12   -30:00:51.6   ""     OGLE-BLG-RRLYR-42131   15.246   -99.99   0.636994    1.9E-6   0.204   ""       ""       ""      ""  RRab   -99.99          255.42132942298   0.078     -30.01434084855   0.0435    6029389611135567104   0.0613       0.0677    -6.269      0.129    -5.913      0.072    16.0202   0.0053   16.4983   0.0206   15.3524   0.0141   1.1459    0     326    302.54      1.26       1.06658976E-11  
  17:01:41.52   -29:58:41.2   ""     OGLE-BLG-RRLYR-42135   15.737   -99.99   0.5532783   7.0E-7   0.567   ""       ""       ""      ""  RRab   -99.99          255.4229601783    0.0837    -29.9781227556    0.0467    6029394146621368448   -0.0924      0.0843    -6.154      0.144    -6.474      0.081    16.4928   0.0124   16.8946   0.0497   15.8005   0.0353   1.0942    0     335    348.16      1.312      8.60574266E-17  
  17:01:43.36   -30:02:49.3   75     OGLE-BLG-RRLYR-42145   15.142   -99.99   0.3327805   1.3E-6   0.236   0.3343   16.84    0.53    P   RRc    NGC6266-V75     255.43064978703   0.0683    -30.04705109423   0.0406    6029389301897649792   0.0995       0.0713    -4.877      0.137    -3.312      0.075    15.9542   0.0065   16.4229   0.0265   15.2489   0.0163   1.174     0     311    279.68      1.292      0.976310539     
  17:01:43.43   -29:56:27.0   67     OGLE-BLG-RRLYR-42147   15.256   -99.99   0.5646813   2.1E-6   0.539   0.5649   16.63    1.02    P   RRab   NGC6266-V67     255.43092348889   0.0636    -29.94085362774   0.0363    6029394357172281472   0.2362       0.065     -4.37       0.112    -6.505      0.063    15.9801   0.0111   16.4033   0.0446   15.3229   0.0336   1.0804    0     345    336.06      1.277      1.10893168E-15  
  17:01:46.81   -30:00:16.7   ""     OGLE-BLG-RRLYR-42159   14.827   -99.99   0.63346     2.4E-6   0.197   ""       ""       ""      ""  RRab   -99.99          255.44503509987   0.0592    -30.00463989644   0.0333    6029391127356603392   0.0836       0.0588    -8.336      0.102    -0.936      0.058    15.61     0.0046   16.0836   0.0202   14.9233   0.0129   1.1603    0     328    216.71      1.276      0.0             
  17:01:47.95   -30:03:59.8   227    OGLE-BLG-RRLYR-42170   16.626   -99.99   0.4583377   1.3E-6   0.822   0.456    17.774   1.290   V   RRab   NGC6266-NV227   255.44977724868   0.127     -30.06663696493   0.077     6029388545987059712   -0.0153      0.1395    -2.738      0.257    -6.734      0.139    17.699    0.0102   18.1562   0.0544   16.856    0.0272   1.3001    0     321    327.08      1.407      1.42647867E-19  
  17:02:03.13   -29:58:36.4   ""     OGLE-BLG-RRLYR-42231   15.959   -99.99   0.6478296   1.3E-6   0.588   ""       ""       ""      ""  RRab   -99.99          255.513019852     0.0942    -29.97677990053   0.0591    6029391397842303232   -0.1104      0.101     -4.084      0.175    -0.687      0.103    16.7817   0.0102   17.1989   0.0405   16.014    0.0282   1.1849    0     381    388.34      1.363      3.83126514E-6   
  17:02:03.57   -30:11:06.0   ""     OGLE-BLG-RRLYR-42232   17.165   -99.99   0.6279983   2.7E-6   0.425   ""       ""       ""      ""  RRab   -99.99          255.51486782538   0.1642    -30.18501072797   0.0969    6029375150073597056   0.313        0.1681    -1.713      0.366    -1.596      0.185    18.039    0.01     18.4655   0.0475   17.3032   0.0366   1.1623    1     344    326.09      1.334      1.98403685E-7   
  17:02:06.35   -30:08:03.1   79     OGLE-BLG-RRLYR-42242   15.514   -99.99   0.3188295   6.0E-7   0.247   0.319    --       --      P   RRc    NGC6266-V79     255.52645217023   0.1153    -30.13420605675   0.071     6029376146434554368   0.3778       0.1238    2.238       0.235    -9.423      0.131    16.1969   0.0067   16.6187   0.0249   15.5592   0.0169   1.0594    0     339    1087.61     1.264      0.0             
  17:02:20.51   -30:06:06.0   ""     OGLE-BLG-RRLYR-42292   17.749   -99.99   0.6549393   8.8E-6   0.205   ""       ""       ""      ""  RRab   -99.99          255.5854532431    0.2712    -30.10168903792   0.1728    6029377039807673344   0.2065       0.2829    -2.083      0.693    -2.397      0.359    18.6118   0.005    18.8254   0.0628   17.6773   0.0456   1.1482    0     354    408.41      1.61       0.0396744052    
  17:02:21.16   -30:05:29.8   ""     OGLE-BLG-RRLYR-42297   16.055   -99.99   0.6883306   1.1E-6   0.586   ""       ""       ""      ""  RRab   -99.99          255.58815882261   0.1099    -30.0916234762    0.0637    6029377039800012032   -0.3475      0.118     1.805       0.221    -1.345      0.115    16.919    0.0116   17.0677   0.0344   15.6175   0.0166   1.4502    0     395    571.63      2.052      0.0             
  17:01:45.26   -30:02:04.4   55     ""                     ""       ""       ""          ""       ""      0.4787   16.59    1.04    P   ""     ""              255.4382888128    0.6631    -30.03456557148   0.3561    6029389409294354560   0.9177       0.5156    -5.318      1.536    -7.012      0.709    19.5501   0.0034   19.4421   0.0647   18.4002   0.0488   1.0419    1     294    331.82      2.038      1.76686527E-5   
  17:01:13.14   -30:07:25.7   134    ""                     ""       ""       ""          ""       ""      0.336    --       --      V   ""     ""              255.30483312156   0.404     -30.12377753939   0.2221    6029365357572725888   -0.5672      0.4573    -11.475     0.767    -4.507      0.401    15.8759   0.0074   99.9999   9.9999   99.9999   9.9999   99.9999   0     202    4751.9      99.999     3.97158285E-10  
  17:01:12.71   -30:06:43.4   188    ""                     ""       ""       ""          ""       ""      0.436    --       --      V   ""     ""              255.30299576877   42.0932   -30.11203657918   23.9496   6029365357572823424   99999.9999   99.9999   99999.999   99.999   99999.999   99.999   14.4163   0.0628   99.9999   9.9999   99.9999   9.9999   99.9999   0     40     21900.5     99.999     0.0             
  17:01:08.31   -30:06:25.1   204    ""                     ""       ""       ""          ""       ""      0.263    16.224   0.329   V   ""     ""              255.28470421265   0.196     -30.10706277793   0.1119    6029368312511792128   -0.3762      0.1979    -6.147      0.364    -3.813      0.211    15.927    0.0033   15.8619   0.0254   14.6905   0.0318   1.1714    0     274    1760.5      2.109      0.658604474     
  17:01:10.22   -30:06:38.1   249    ""                     ""       ""       ""          ""       ""      0.2476   --       --      V   ""     ""              255.29249364798   0.4041    -30.11058356238   0.2692    6029368312409547776   1.3951       0.5074    -3.206      0.749    -5.19       0.501    15.7997   0.0062   15.5836   0.0132   14.4233   0.0119   1.1603    0     224    11477.34    2.408      0.00684219716   
  17:01:13.18   -30:06:05.8   260    ""                     ""       ""       ""          ""       ""      0.254    --       --      V   ""     ""              255.30488083511   1.4902    -30.10159815539   0.8073    6029368415488861568   99999.9999   99.9999   99999.999   99.999   99999.999   99.999   15.7685   0.0103   15.3405   0.037    14.1048   0.0183   1.2357    0     217    8898.98     3.059      0.0             
