1.25371762E-01
3.04320584E-71
3.47022624E-43
9.55673785E-01
9.61145356E-01
9.43418192E-01
9.13078637E-01
9.20050790E-01
9.38674224E-01
7.58170018E-34
8.98565049E-01
2.81845782E-08
9.55668831E-01
9.33345325E-01
9.29095485E-01
9.49790482E-01
9.19916705E-01
5.86019226E-01
9.53856487E-01
6.63147521E-01
9.14818557E-01
9.60659038E-01
8.76644570E-01
8.53992417E-01
9.66699518E-01
9.45380018E-01
8.92536421E-01
9.41857669E-01
8.69064529E-01
9.59944121E-01
9.57886835E-01
9.61245357E-01
9.51366263E-01
4.49440919E-01
9.50171692E-01
9.62562255E-01
9.66295308E-01
7.61036485E-01
9.63423009E-01
9.57620785E-01
8.67687967E-01
9.47106377E-01
3.19865957E-01
9.59046841E-01
8.70693607E-01
3.16561578E-01
9.63046586E-01
9.54486679E-01
9.48176709E-01
0.00000000E+00
1.13162646E-02
9.56391943E-01
2.03537432E-02
9.28135241E-01
9.53700012E-01
9.18836127E-01
9.54939276E-01
9.51966047E-01
9.67218876E-01
9.54707027E-01
9.52210099E-01
9.35792808E-01
7.10906795E-01
9.04998247E-01
9.50846250E-01
8.46682535E-01
9.65545489E-01
4.42174634E-01
9.44629028E-01
7.45282322E-01
9.22614178E-01
9.67066201E-01
7.60267651E-01
9.45722789E-01
8.67767580E-01
9.55314412E-01
9.68337364E-01
7.71745393E-01
9.42557325E-01
9.61006345E-01
9.68559289E-01
8.98819296E-01
7.84838697E-01
9.51766398E-01
9.41887474E-01
2.10001098E-02
7.14894814E-01
4.20942111E-13
9.33975636E-01
9.24300900E-01
9.13713466E-01
9.68638211E-01
9.51927727E-01
9.64906671E-01
9.61225538E-01
9.47924498E-01
9.59962856E-01
8.68028966E-01
9.27858856E-01
9.66029375E-01
9.68086779E-01
9.68638200E-01
5.06175373E-12
9.12091018E-01
9.55488289E-01
8.96188428E-01
5.92685924E-42
9.54209593E-01
9.64241486E-01
9.61113694E-01
9.62534811E-01
0.00000000E+00
6.98675239E-17
0.00000000E+00
9.54947335E-01
2.06630711E-23
0.00000000E+00
5.05326941E-31
1.51478457E-08
2.11546820E-13
0.00000000E+00
6.16732500E-20
0.00000000E+00