OGLE-GD-RRLYR-00051  16.703 17.548  0.41286870 0.00001910  7000.05986  0.249  0.257 4.952  0.133 3.209  0.55302029 0.00007102  7000.25642  0.137  0.000   -    0.000   -  
OGLE-GD-RRLYR-00097  17.049 18.065  0.38237405 0.00001331  7000.18738  0.281  0.228 5.112  0.000   -    0.51246910 0.00005889  7000.01387  0.135  0.000   -    0.000   -  
OGLE-GD-RRLYR-00117  18.090    -    0.40262624 0.00000312  7000.06761  0.257  0.000   -    0.000   -    0.53974384 0.00000924  7000.15960  0.161  0.000   -    0.000   -  
OGLE-GD-RRLYR-00133  18.514 19.962  0.34953596 0.00002222  7000.06766  0.260  0.294 5.475  0.000   -    0.47052153 0.00003933  7000.23609  0.269  0.000   -    0.000   -  
OGLE-GD-RRLYR-00144  17.609 18.869  0.36150071 0.00001484  7000.28780  0.264  0.255 5.170  0.000   -    0.48563341 0.00004640  7000.28971  0.232  0.205 4.324  0.000   -  
OGLE-GD-RRLYR-00157  14.621 15.845  0.26598912 0.00000679  7000.21300  0.238  0.123 5.049  0.000   -    0.36462385 0.00000987  7000.31211  0.304  0.281 4.008  0.034 2.268
OGLE-GD-RRLYR-00208  16.539 17.865  0.36205109 0.00000690  7000.23912  0.253  0.160 5.049  0.116 3.593  0.48606286 0.00003219  7000.46256  0.100  0.000   -    0.000   -  
OGLE-GD-RRLYR-00259  17.299 18.269  0.35670420 0.00001449  7000.18188  0.253  0.165 4.861  0.103   -    0.47909492 0.00005414  7000.28861  0.112  0.000   -    0.000   -  
OGLE-GD-RRLYR-00274  16.340 17.468  0.38047301 0.00001208  7000.15481  0.265  0.212 5.128  0.000   -    0.51093212 0.00002417  7000.35069  0.218  0.252 4.134  0.000   -  
OGLE-GD-RRLYR-00317  16.402 17.208  0.35852730 0.00000877  7000.15810  0.243  0.152 5.358  0.000   -    0.48173159 0.00002261  7000.05890  0.179  0.166 3.980  0.061   -  
OGLE-GD-RRLYR-00384  17.387 18.210  0.34299122 0.00001591  7000.06286  0.243  0.190 5.339  0.000   -    0.46195327 0.00002769  7000.08181  0.258  0.216 4.155  0.089   -  
OGLE-GD-RRLYR-00396  15.236    -    0.41569798 0.00000066  7000.36892  0.256  0.207 5.199  0.072 3.535  0.55699179 0.00000310  7000.29688  0.091  0.143 4.451  0.000   -  
OGLE-GD-RRLYR-00400  18.650    -    0.33660563 0.00000288  7000.25392  0.251  0.000   -    0.000   -    0.45364675 0.00000504  7000.11901  0.225  0.359   -    0.000   -  
OGLE-GD-RRLYR-00629  18.202    -    0.34699830 0.00000150  7000.17801  0.320  0.188 5.301  0.000   -    0.46700538 0.00000258  7000.27398  0.255  0.236 4.154  0.000   -  
OGLE-GD-RRLYR-00653  16.413 17.267  0.39946293 0.00000226  7000.24132  0.254  0.136 5.176  0.093 2.967  0.53491410 0.00001286  7000.21322  0.063  0.000   -    0.000   -  
OGLE-GD-RRLYR-00655  18.218 19.268  0.36307571 0.00000459  7000.12593  0.245  0.317 5.589  0.000   -    0.48782392 0.00000959  7000.04076  0.217  0.262 3.948  0.000   -  
OGLE-GD-RRLYR-00749  16.906    -    0.35998681 0.00000067  7000.16249  0.257  0.154 5.176  0.000   -    0.48355263 0.00000209  7000.05984  0.184  0.134 4.144  0.000   -  
OGLE-GD-RRLYR-00754  16.166    -    0.35838582 0.00000058  7000.19597  0.275  0.220 5.189  0.000   -    0.48145352 0.00000113  7000.05898  0.207  0.195 4.156  0.000   -  
OGLE-GD-RRLYR-00776  18.823    -    0.36608994 0.00000616  7000.02487  0.265  0.000   -    0.000   -    0.49177439 0.00001225  7000.41426  0.227  0.000   -    0.000   -  
OGLE-GD-RRLYR-00861  18.612    -    0.35414108 0.00000183  7000.07931  0.295  0.276 5.438  0.000   -    0.47598889 0.00000494  7000.40398  0.248  0.000   -    0.000   -  
OGLE-GD-RRLYR-00864  18.100 18.762  0.36062020 0.00000641  7000.35214  0.236  0.221 4.787  0.000   -    0.48461481 0.00001360  7000.33575  0.203  0.242 4.264  0.000   -  
OGLE-GD-RRLYR-00893  15.843 16.784  0.34033909 0.00000283  7000.19108  0.238  0.167 5.178  0.050 2.693  0.45802574 0.00000420  7000.20302  0.213  0.147 4.147  0.093 2.791
OGLE-GD-RRLYR-00940  17.607    -    0.35216691 0.00000119  7000.15810  0.217  0.172 4.476  0.000   -    0.47366357 0.00000212  7000.17633  0.173  0.266 3.771  0.000   -  
OGLE-GD-RRLYR-00998  15.265 16.293  0.44552148 0.00000201  7000.10133  0.228  0.164 5.378  0.073 4.038  0.59775403 0.00001325  7000.04868  0.056  0.000   -    0.000   -  
OGLE-GD-RRLYR-01000  18.746 19.788  0.38188460 0.00000904  7000.02717  0.263  0.000   -    0.000   -    0.51227179 0.00004070  7000.09620  0.156  0.000   -    0.000   -  
OGLE-GD-RRLYR-01107  17.063    -    0.35964867 0.00000061  7000.20668  0.254  0.138 4.987  0.095 3.402  0.48282106 0.00000366  7000.24010  0.078  0.000   -    0.000   -  
OGLE-GD-RRLYR-01115  15.125 16.167  0.27955788 0.00000070  7000.26959  0.235  0.096 4.908  0.076 4.030  0.38130864 0.00000227  7000.02639  0.124  0.097 4.469  0.000   -  
OGLE-GD-RRLYR-01133  14.537 15.488  0.41202268 0.00000094  7000.19159  0.258  0.184 5.110  0.093 3.816  0.55218924 0.00000610  7000.29007  0.091  0.000   -    0.053   -  
OGLE-GD-RRLYR-01220  17.062 18.241  0.40265151 0.00000207  7000.39334  0.249  0.253 5.398  0.144 3.595  0.53993399 0.00000803  7000.10845  0.154  0.182 3.372  0.000   -  
OGLE-GD-RRLYR-01225  16.723 17.593  0.34194885 0.00000237  7000.17062  0.259  0.202 5.340  0.000   -    0.46032534 0.00000460  7000.26604  0.219  0.199 4.121  0.105 2.180
OGLE-GD-RRLYR-01318  17.971    -    0.34255407 0.00000100  7000.02753  0.275  0.000   -    0.000   -    0.46101396 0.00000212  7000.17706  0.222  0.000   -    0.000   -  
OGLE-GD-RRLYR-01321  18.096 18.949  0.35728838 0.00000313  7000.25438  0.275  0.107   -    0.000   -    0.47986526 0.00001187  7000.36471  0.134  0.000   -    0.000   -  
OGLE-GD-RRLYR-01331  17.474    -    0.35154532 0.00000095  7000.31584  0.267  0.248 4.987  0.095   -    0.47263795 0.00000211  7000.06577  0.189  0.103 3.949  0.131 2.846
OGLE-GD-RRLYR-01489  14.551 15.230  0.35304310 0.00000080  7000.04846  0.261  0.148 5.014  0.105 3.651  0.47457606 0.00000509  7000.19189  0.096  0.000   -    0.000   -  
OGLE-GD-RRLYR-01501  15.919 16.587  0.35421442 0.00000129  7000.02454  0.253  0.138 5.261  0.064 3.183  0.47581003 0.00000561  7000.04949  0.140  0.130 4.037  0.000   -  
OGLE-GD-RRLYR-01636  14.929 16.138  0.27945809 0.00000080  7000.06238  0.215  0.092 4.977  0.060 3.957  0.38184251 0.00000269  7000.02457  0.115  0.122 4.279  0.000   -  
OGLE-GD-RRLYR-01786  16.925 18.036  0.35542059 0.00000262  7000.06376  0.261  0.160 4.905  0.000   -    0.47753092 0.00000944  7000.07682  0.116  0.222 3.101  0.000   -  
OGLE-GD-RRLYR-01867  15.887 16.807  0.35837399 0.00000276  7000.12514  0.257  0.203 5.073  0.137 2.530  0.48155197 0.00000571  7000.43594  0.234  0.217 3.847  0.000   -  
OGLE-GD-RRLYR-01873  17.907 18.754  0.33788404 0.00000385  7000.04248  0.242  0.217 5.359  0.000   -    0.45536450 0.00000538  7000.39253  0.311  0.268 4.270  0.000   -  
OGLE-GD-RRLYR-01943  17.567 18.814  0.38074842 0.00000389  7000.12394  0.264  0.198 5.238  0.000   -    0.51108195 0.00001000  7000.26219  0.189  0.000   -    0.000   -  
OGLE-GD-RRLYR-01987  15.911 16.625  0.35097039 0.00000142  7000.11740  0.241  0.109 5.098  0.076 3.599  0.47197308 0.00000580  7000.46377  0.110  0.129 4.203  0.000   -  
OGLE-GD-RRLYR-02031  16.283    -    0.35592213 0.00000109  7000.27905  0.286  0.191 4.952  0.000   -    0.47823430 0.00000186  7000.40402  0.198  0.245 4.231  0.000   -  
OGLE-GD-RRLYR-02076  18.200 19.151  0.36445590 0.00000402  7000.33750  0.276  0.000   -    0.000   -    0.48934053 0.00001739  7000.39447  0.126  0.000   -    0.000   -  
OGLE-GD-RRLYR-02095  16.432 17.445  0.37752370 0.00000257  7000.22818  0.266  0.282 5.207  0.069 2.658  0.50720985 0.00000531  7000.43467  0.242  0.175 3.944  0.081 3.127
OGLE-GD-RRLYR-02119  15.215 16.028  0.42311414 0.00000275  7000.12163  0.249  0.254 5.333  0.104 3.848  0.56701768 0.00001270  7000.46337  0.093  0.170 4.713  0.081   -  
OGLE-GD-RRLYR-02223  16.048 17.100  0.42167723 0.00000167  7000.23981  0.235  0.199 5.251  0.083 3.687  0.56566999 0.00000494  7000.49694  0.134  0.221 3.646  0.109 1.708
OGLE-GD-RRLYR-02486  15.339 16.423  0.36543888 0.00000117  7000.17106  0.266  0.184 4.949  0.094 3.130  0.49037150 0.00000404  7000.39514  0.132  0.000   -    0.000   -  
OGLE-GD-RRLYR-02537  16.602 17.660  0.35409924 0.00000255  7000.20515  0.252  0.114 5.086  0.000   -    0.47567815 0.00000744  7000.40869  0.136  0.000   -    0.000   -  
OGLE-GD-RRLYR-02540  16.941    -    0.41562346 0.00000098  7000.34973  0.243  0.232 4.921  0.123 2.857  0.55725140 0.00000311  7000.19132  0.131  0.000   -    0.000   -  
OGLE-GD-RRLYR-02618  18.484 19.296  0.34901089 0.00000737  7000.15004  0.233  0.000   -    0.000   -    0.46932826 0.00001511  7000.23560  0.246  0.000   -    0.306 3.043
OGLE-GD-RRLYR-02625  17.861    -    0.36197627 0.00000149  7000.05513  0.228  0.000   -    0.000   -    0.48633408 0.00000341  7000.10782  0.173  0.000   -    0.000   -  
OGLE-GD-RRLYR-02690  14.589 15.548  0.40070425 0.00000169  7000.21727  0.255  0.264 5.104  0.083 2.954  0.53694896 0.00000582  7000.25208  0.143  0.142 4.358  0.000   -  
OGLE-GD-RRLYR-02707  17.647 18.524  0.36882849 0.00000296  7000.08850  0.245  0.178 5.318  0.000   -    0.49536834 0.00000799  7000.16658  0.207  0.174 3.951  0.000   -  
OGLE-GD-RRLYR-02874  17.871 19.329  0.36052977 0.00000287  7000.31234  0.277  0.163 4.902  0.121   -    0.48425236 0.00001115  7000.26222  0.138  0.000   -    0.000   -  
OGLE-GD-RRLYR-02911  17.761 18.834  0.39113133 0.00000340  7000.15987  0.272  0.170 4.672  0.161 3.512  0.52404841 0.00002510  7000.18186  0.079  0.000   -    0.000   -  
OGLE-GD-RRLYR-02926  18.144    -    0.37301843 0.00000213  7000.31394  0.278  0.000   -    0.000   -    0.50086582 0.00000525  7000.40258  0.211  0.000   -    0.000   -  
OGLE-GD-RRLYR-02944  15.213 16.561  0.43862470 0.00000245  7000.25608  0.258  0.250 5.458  0.104 3.717  0.58885553 0.00000921  7000.21708  0.136  0.218 4.381  0.066   -  
OGLE-GD-RRLYR-02946  18.156 20.019  0.34824307 0.00000563  7000.13519  0.261  0.289 5.022  0.000   -    0.46838009 0.00001088  7000.33955  0.237  0.208   -    0.000   -  
OGLE-GD-RRLYR-03000  16.514 17.574  0.27838766 0.00000096  7000.24268  0.211  0.000   -    0.000   -    0.38158044 0.00000742  7000.04664  0.050  0.000   -    0.000   -  
OGLE-GD-RRLYR-03077  18.945 19.483  0.39417029 0.00000532  7000.23940  0.267  0.000   -    0.314   -    0.52915429 0.00001682  7000.41634  0.235  0.000   -    0.000   -  
OGLE-GD-RRLYR-03189  16.058 16.785  0.38779753 0.00000126  7000.17269  0.263  0.204 5.262  0.103 3.657  0.51966652 0.00000564  7000.46892  0.108  0.172 3.888  0.000   -  
OGLE-GD-RRLYR-03192  16.076 16.706  0.34311312 0.00000132  7000.16306  0.246  0.161 4.948  0.047   -    0.46158610 0.00000320  7000.12056  0.193  0.198 3.963  0.000   -  
OGLE-GD-RRLYR-03236  16.427 17.187  0.36716004 0.00000173  7000.09819  0.241  0.139 5.182  0.062 3.273  0.49322377 0.00000560  7000.31811  0.160  0.093 4.301  0.000   -  
OGLE-GD-RRLYR-03434  17.227 18.148  0.35261805 0.00000234  7000.03429  0.264  0.143 5.174  0.000   -    0.47411294 0.00000878  7000.30267  0.103  0.235 4.455  0.000   -  
OGLE-GD-RRLYR-03450  17.475 18.921  0.35594132 0.00000331  7000.29993  0.258  0.185 4.665  0.000   -    0.47852074 0.00000684  7000.10238  0.203  0.000   -    0.000   -  
OGLE-GD-RRLYR-03462  17.247 18.341  0.35746623 0.00000391  7000.07395  0.257  0.192 4.982  0.000   -    0.47996257 0.00001001  7000.23368  0.169  0.178 4.387  0.000   -  
OGLE-GD-RRLYR-03483  16.080 17.197  0.41822069 0.00000184  7000.20527  0.258  0.194 5.275  0.099 3.778  0.56073380 0.00000881  7000.06884  0.122  0.000   -    0.000   -  
OGLE-GD-RRLYR-03541  17.414    -    0.34822501 0.00000140  7000.18180  0.282  0.206 5.448  0.000   -    0.46851313 0.00000320  7000.18079  0.268  0.318 4.310  0.000   -  
OGLE-GD-RRLYR-03556  17.704 18.823  0.36280911 0.00000410  7000.06049  0.260  0.253 5.092  0.175 3.472  0.48737603 0.00000913  7000.21596  0.220  0.183 4.192  0.000   -  
OGLE-GD-RRLYR-03609  14.942    -    0.31968081 0.00000035  7000.25549  0.244  0.126 5.102  0.057 3.390  0.43171267 0.00000132  7000.00712  0.110  0.108 3.729  0.087 3.482
OGLE-GD-RRLYR-03630  18.220 20.016  0.34741149 0.00000606  7000.24714  0.243  0.000   -    0.000   -    0.46744354 0.00000981  7000.07116  0.252  0.313 4.423  0.000   -  
OGLE-GD-RRLYR-03824  16.728    -    0.40531160 0.00000109  7000.10235  0.231  0.265 5.353  0.106 3.376  0.54303023 0.00000537  7000.49129  0.148  0.188 4.450  0.000   -  
OGLE-GD-RRLYR-03840  17.358    -    0.34720807 0.00000160  7000.29258  0.188  0.207 4.537  0.000   -    0.46716764 0.00000327  7000.11571  0.141  0.203 3.981  0.000   -  
OGLE-GD-RRLYR-03843  17.094 18.432  0.36115639 0.00000259  7000.34397  0.257  0.217 4.984  0.000   -    0.48524264 0.00000450  7000.26116  0.248  0.207 3.884  0.000   -  
OGLE-GD-RRLYR-03881  15.509 16.574  0.37002651 0.00000209  7000.11241  0.244  0.156 4.778  0.081 3.202  0.49713249 0.00000594  7000.18472  0.199  0.230 4.386  0.089 2.205
OGLE-GD-RRLYR-03893  16.776 17.800  0.36114992 0.00000190  7000.31257  0.264  0.123 5.190  0.000   -    0.48514748 0.00000748  7000.04382  0.111  0.152 4.560  0.000   -  
OGLE-GD-RRLYR-04157  16.693 17.500  0.35268388 0.00000185  7000.27598  0.246  0.135 5.057  0.072   -    0.47404940 0.00000951  7000.22155  0.077  0.000   -    0.000   -  
OGLE-GD-RRLYR-04643  15.846 17.196  0.41129232 0.00000307  7000.18523  0.245  0.191 5.021  0.094 2.954  0.55119949 0.00001044  7000.54979  0.119  0.000   -    0.000   -  
OGLE-GD-RRLYR-04841  17.791    -    0.39426441 0.00000231  7000.29490  0.275  0.239 5.440  0.000   -    0.52810442 0.00000716  7000.26280  0.158  0.000   -    0.000   -  
OGLE-GD-RRLYR-04847  17.675    -    0.42421903 0.00000247  7000.30467  0.238  0.177 5.253  0.180 3.310  0.56914821 0.00001184  7000.13710  0.115  0.000   -    0.000   -  
OGLE-GD-RRLYR-04854  16.311 17.533  0.35143627 0.00000299  7000.02604  0.258  0.144 5.163  0.074 3.310  0.47265118 0.00000421  7000.46539  0.267  0.208 3.947  0.084 2.562
OGLE-GD-RRLYR-04868  18.308 19.707  0.40357294 0.00000603  7000.02337  0.286  0.358 5.112  0.000   -    0.54054062 0.00002150  7000.12710  0.116  0.000   -    0.000   -  
OGLE-GD-RRLYR-04936  17.541 19.731  0.35275657 0.00000308  7000.02609  0.293  0.265 4.946  0.000   -    0.47403479 0.00001051  7000.31038  0.192  0.000   -    0.000   -  
OGLE-GD-RRLYR-05036  17.664    -    0.40783847 0.00000251  7000.25487  0.258  0.245 4.844  0.000   -    0.54656890 0.00000880  7000.02163  0.111  0.000   -    0.000   -  
OGLE-GD-RRLYR-05061  17.255    -    0.41819149 0.00000208  7000.10529  0.166  0.294 4.928  0.000   -    0.56049181 0.00000886  7000.55111  0.079  0.000   -    0.000   -  
OGLE-GD-RRLYR-05066  17.290 18.265  0.33896827 0.00000286  7000.24582  0.280  0.193 4.891  0.090   -    0.45687097 0.00000584  7000.32858  0.272  0.230 4.092  0.000   -  
OGLE-GD-RRLYR-05076  16.558 17.617  0.36030331 0.00000226  7000.25701  0.224  0.157 5.762  0.076 2.846  0.48429795 0.00000533  7000.24408  0.178  0.105 4.144  0.000   -  
OGLE-GD-RRLYR-05167  14.606 15.578  0.33814569 0.00000090  7000.21458  0.248  0.106 5.085  0.093 3.661  0.45608948 0.00000641  7000.39852  0.074  0.187 3.523  0.092   -  
OGLE-GD-RRLYR-05359  17.789 18.824  0.38338556 0.00000517  7000.31222  0.260  0.000   -    0.000   -    0.51392630 0.00001284  7000.50882  0.169  0.252   -    0.000   -  
OGLE-GD-RRLYR-05465  15.821 16.538  0.36079620 0.00000110  7000.27376  0.284  0.193 4.931  0.069 3.525  0.48445561 0.00000412  7000.36707  0.154  0.145 3.939  0.000   -  
OGLE-GD-RRLYR-05747  17.153 17.986  0.33896352 0.00000277  7000.04330  0.254  0.206 5.377  0.137 3.195  0.45669986 0.00000377  7000.33182  0.266  0.225 4.093  0.166 2.045
OGLE-GD-RRLYR-05802  16.174 17.693  0.37029788 0.00000238  7000.32329  0.277  0.133 4.928  0.078   -    0.49677958 0.00001311  7000.47458  0.118  0.000   -    0.240 1.414
OGLE-GD-RRLYR-05818  17.876 18.647  0.36176108 0.00000489  7000.13075  0.287  0.000   -    0.000   -    0.48615564 0.00001448  7000.40356  0.152  0.000   -    0.000   -  
OGLE-GD-RRLYR-05837  17.263    -    0.35594961 0.00000194  7000.08139  0.234  0.168 5.066  0.117 4.134  0.47833560 0.00000400  7000.28287  0.203  0.165 3.874  0.000   -  
OGLE-GD-RRLYR-05864  15.815    -    0.34864083 0.00000084  7000.25837  0.236  0.152 5.260  0.090 3.802  0.46940623 0.00000204  7000.38596  0.218  0.300 4.032  0.068 1.255
OGLE-GD-RRLYR-06123  15.530 16.678  0.38633715 0.00000121  7000.09215  0.258  0.168 5.069  0.078 3.247  0.51781629 0.00000958  7000.46669  0.056  0.000   -    0.000   -  
OGLE-GD-RRLYR-06333  16.621 17.619  0.39772584 0.00000236  7000.01843  0.247  0.184 5.169  0.134 3.663  0.53365150 0.00000822  7000.49706  0.168  0.121   -    0.000   -  
OGLE-GD-RRLYR-06385  16.462 18.552  0.40736565 0.00000368  7000.37093  0.285  0.161 5.109  0.000   -    0.54544049 0.00002483  7000.37607  0.079  0.000   -    0.000   -  
OGLE-GD-RRLYR-06743  15.809 16.789  0.34298087 0.00000320  7000.22193  0.250  0.220 5.010  0.103 2.542  0.46201516 0.00000370  7000.32635  0.290  0.232 4.245  0.128 2.645
OGLE-GD-RRLYR-06962  15.102 15.906  0.36535340 0.00000122  7000.32733  0.260  0.182 5.118  0.036 3.042  0.49080453 0.00000425  7000.14069  0.161  0.172 3.870  0.086 2.761
OGLE-GD-RRLYR-07056  15.843 16.519  0.36415460 0.00000164  7000.25616  0.280  0.193 4.646  0.102 3.192  0.48860714 0.00000397  7000.45353  0.189  0.216 4.048  0.000   -  
OGLE-GD-RRLYR-07411  17.054 18.076  0.25534730 0.00000167  7000.15488  0.213  0.119   -    0.000   -    0.35143346 0.00000244  7000.20264  0.277  0.240 4.258  0.000   -  
OGLE-GD-RRLYR-07553  16.528    -    0.35954426 0.00000125  7000.14368  0.263  0.187 4.826  0.096 3.058  0.48270222 0.00000522  7000.02701  0.108  0.000   -    0.000   -  
OGLE-GD-RRLYR-07643  18.022    -    0.41342983 0.00000307  7000.23851  0.291  0.335 5.763  0.000   -    0.55471291 0.00000994  7000.24873  0.144  0.000   -    0.000   -  
OGLE-GD-RRLYR-07762  16.259 17.781  0.35853083 0.00000337  7000.21076  0.245  0.122 4.548  0.000   -    0.48171998 0.00000916  7000.14313  0.187  0.322 4.626  0.000   -  
OGLE-GD-RRLYR-07910  15.809 16.743  0.41047003 0.00000181  7000.03714  0.265  0.186 5.455  0.048   -    0.55113505 0.00000690  7000.39323  0.171  0.181 4.418  0.000   -  
OGLE-GD-RRLYR-07943  15.858 16.884  0.41387093 0.00000213  7000.28514  0.260  0.295 5.282  0.103 3.293  0.55466226 0.00000608  7000.13844  0.139  0.180 2.944  0.000   -  
OGLE-GD-RRLYR-08006  16.549 17.597  0.43791816 0.00000251  7000.01463  0.260  0.264 5.706  0.000   -    0.58695722 0.00001930  7000.50451  0.079  0.000   -    0.000   -  
OGLE-GD-RRLYR-08342  16.822 17.817  0.36583612 0.00000270  7000.22575  0.254  0.133 5.410  0.000   -    0.49112228 0.00000918  7000.41759  0.135  0.249 4.247  0.000   -  
OGLE-GD-RRLYR-08439  14.958 15.825  0.38802182 0.00000090  7000.35748  0.257  0.161 5.127  0.072 3.466  0.52001893 0.00001128  7000.22088  0.045  0.201 2.231  0.000   -  
OGLE-GD-RRLYR-08521  15.057 15.858  0.43438194 0.00000260  7000.21879  0.243  0.178 5.357  0.114 3.662  0.58269962 0.00000718  7000.50666  0.094  0.162 4.523  0.188 3.361
OGLE-GD-RRLYR-08550  15.077 16.391  0.38771874 0.00000185  7000.01087  0.255  0.161 5.190  0.088 3.356  0.52019231 0.00000638  7000.03508  0.142  0.110 3.976  0.000   -  
OGLE-GD-RRLYR-08603  16.911 17.983  0.26329183 0.00000213  7000.15426  0.222  0.208 5.288  0.000   -    0.36131208 0.00000314  7000.15297  0.229  0.310 4.501  0.000   -  
OGLE-GD-RRLYR-08642  15.485 16.492  0.32263326 0.00000124  7000.07774  0.225  0.088 5.452  0.072 4.443  0.43616029 0.00000480  7000.10036  0.095  0.095   -    0.111   -  
OGLE-GD-RRLYR-08699  15.692 16.595  0.39996044 0.00000218  7000.01361  0.256  0.144 5.065  0.086 3.797  0.53615092 0.00001419  7000.52530  0.065  0.000   -    0.000   -  
OGLE-GD-RRLYR-08983  16.916    -    0.34586722 0.00000128  7000.03999  0.247  0.107 5.148  0.000   -    0.46538198 0.00000288  7000.22817  0.184  0.000   -    0.000   -  
OGLE-GD-RRLYR-09033  16.095    -    0.42650109 0.00000107  7000.21643  0.262  0.220 5.280  0.081 3.476  0.57170502 0.00000492  7000.34908  0.094  0.166   -    0.000   -  
OGLE-GD-RRLYR-09138  17.176    -    0.35237606 0.00000111  7000.34315  0.272  0.169 5.430  0.000   -    0.47348328 0.00000611  7000.21419  0.098  0.000   -    0.000   -  
OGLE-GD-RRLYR-09253  16.228    -    0.37380415 0.00000159  7000.25454  0.227  0.148 5.959  0.221 3.270  0.50212498 0.00000281  7000.00714  0.194  0.156 4.379  0.148 2.761
OGLE-GD-RRLYR-09484  16.646    -    0.35663264 0.00000107  7000.06777  0.268  0.178 4.884  0.000   -    0.47933763 0.00000265  7000.39365  0.220  0.139 4.277  0.000   -  
OGLE-GD-RRLYR-09671  16.954    -    0.28860689 0.00000105  7000.01865  0.277  0.245 3.909  0.128 1.268  0.39211585 0.00000291  7000.31917  0.183  0.285 3.110  0.314 0.512
OGLE-GD-RRLYR-09818  17.543    -    0.34997822 0.00000185  7000.31517  0.236  0.145   -    0.141   -    0.47070316 0.00000371  7000.23773  0.224  0.000   -    0.164 1.901
OGLE-GD-RRLYR-09892  16.159    -    0.40386015 0.00000079  7000.13319  0.254  0.179 5.308  0.000   -    0.54159907 0.00000336  7000.09636  0.121  0.000   -    0.000   -  
OGLE-GD-RRLYR-10012  17.485    -    0.36419358 0.00000327  7000.31122  0.240  0.232 4.904  0.000   -    0.48941942 0.00000506  7000.40613  0.232  0.354 4.025  0.000   -  
OGLE-GD-RRLYR-10136  17.482    -    0.41514643 0.00000190  7000.06659  0.255  0.183 4.620  0.000   -    0.55662501 0.00000659  7000.50166  0.114  0.467 3.907  0.348   -  
